0 0.400022 0.976635 0.025293 0.015808
0 0.455456 0.906921 0.015598 0.014227
0 0.388640 0.895223 0.021921 0.021183
0 0.412036 0.872143 0.017284 0.016124
0 0.335103 0.902178 0.020235 0.009169
0 0.342480 0.880837 0.018127 0.010117
0 0.366298 0.868823 0.024450 0.015808
0 0.336578 0.826773 0.019813 0.012014
0 0.300535 0.820133 0.010960 0.005059
0 0.289575 0.863290 0.012647 0.008536
0 0.449344 0.806914 0.018548 0.018654
0 0.416041 0.802013 0.042999 0.029720
0 0.401919 0.750542 0.033303 0.026242
0 0.442810 0.768090 0.015598 0.011382
0 0.441123 0.753704 0.021499 0.014860
0 0.383581 0.719039 0.029509 0.023080
0 0.418781 0.713032 0.041734 0.039521
0 0.383792 0.687739 0.011382 0.008536
0 0.392012 0.668453 0.022764 0.024345
0 0.384214 0.578771 0.013911 0.012963
0 0.413512 0.603590 0.041312 0.044896
0 0.441545 0.620346 0.030773 0.024029
0 0.446814 0.586739 0.010117 0.006956
0 0.432271 0.531677 0.012225 0.007904
0 0.393909 0.508710 0.011382 0.007904
0 0.458829 0.485107 0.020656 0.018021
0 0.431638 0.481155 0.021921 0.019602
0 0.423418 0.459339 0.032460 0.022132
0 0.376626 0.471512 0.046793 0.027506
0 0.366719 0.426142 0.013490 0.013911
0 0.333416 0.415392 0.016862 0.013911
0 0.378944 0.446218 0.021078 0.013595
0 0.412668 0.410916 0.016019 0.010433
0 0.445971 0.403961 0.028666 0.020551
0 0.443442 0.340683 0.038783 0.025293
0 0.680862 0.145372 0.016019 0.014227
0 0.528681 0.123082 0.036254 0.028455
0 0.489266 0.212083 0.011382 0.009801
0 0.584959 0.154066 0.049322 0.062601
0 0.670745 0.018496 0.042999 0.036991
0 0.598449 0.208383 0.026558 0.018654
0 0.548705 0.320938 0.016441 0.009801
0 0.559876 0.359401 0.056488 0.035094
0 0.510976 0.365883 0.053959 0.073350
0 0.498330 0.417353 0.036254 0.024977
0 0.449008 0.664308 0.013490 0.011382
0 0.517932 0.528313 0.058596 0.047109
0 0.538377 0.470514 0.091899 0.027823
0 0.524255 0.432099 0.064498 0.046476
0 0.587910 0.401906 0.061125 0.042366
0 0.391044 0.398383 0.012225 0.009801
0 0.596119 0.241728 0.060282 0.040514
0 0.584767 0.279894 0.079854 0.054606