0 0.682893 0.742176 0.014532 0.027010
0 0.695664 0.741882 0.009248 0.017028
0 0.649645 0.801186 0.010569 0.019376
0 0.624764 0.627789 0.033909 0.047560
0 0.458963 0.508806 0.033468 0.039340
0 0.450156 0.646789 0.013211 0.019376
0 0.622122 0.351262 0.019817 0.025248
0 0.581607 0.316326 0.018055 0.032881
0 0.611993 0.256435 0.012771 0.018789
0 0.548579 0.316326 0.017175 0.028184
0 0.414926 0.354785 0.029065 0.035817
0 0.501900 0.543824 0.030386 0.042863
0 0.458523 0.570834 0.025542 0.034643
0 0.511749 0.430333 0.018000 0.021000
0 0.548999 0.399896 0.016500 0.023000
0 0.480749 0.377229 0.014000 0.019667
0 0.444499 0.386729 0.032500 0.026667
0 0.637249 0.486380 0.019000 0.024000
0 0.490624 0.640865 0.023250 0.025000
0 0.435874 0.597365 0.019250 0.018667
0 0.607874 0.690698 0.032250 0.040667
0 0.581999 0.657698 0.032500 0.041333
0 0.522124 0.791500 0.036750 0.051667
0 0.553249 0.185865 0.024000 0.022667
0 0.561749 0.283745 0.014000 0.023333
0 0.606749 0.330911 0.008000 0.016333
0 0.636749 0.417682 0.008500 0.017667
0 0.416124 0.267182 0.008250 0.011333
0 0.443499 0.242745 0.016500 0.026000
0 0.534874 0.380349 0.010250 0.019667
0 0.489999 0.836500 0.021000 0.028333