0 0.438051 0.020162 0.024883 0.017663
0 0.377127 0.128470 0.019107 0.020329
0 0.382682 0.166128 0.021328 0.022995
0 0.299590 0.206551 0.019551 0.016996
0 0.278039 0.231045 0.024439 0.017329
0 0.283371 0.280414 0.017329 0.016330
0 0.502654 0.238257 0.015108 0.013997
0 0.453776 0.385207 0.039991 0.040657
0 0.525315 0.452957 0.028438 0.022661
0 0.560862 0.417632 0.024883 0.026660
0 0.603519 0.531043 0.023994 0.024661
0 0.608407 0.550871 0.010664 0.004999
0 0.410231 0.526211 0.024883 0.018329
0 0.542200 0.659992 0.029326 0.031326
0 0.541533 0.724248 0.027105 0.026994
0 0.570638 0.778615 0.031104 0.022661
0 0.569749 0.915786 0.018662 0.017996
0 0.702746 0.799647 0.021773 0.020995
0 0.710744 0.726060 0.023550 0.020662
0 0.693192 0.697733 0.023106 0.021995
0 0.724741 0.848635 0.039991 0.032992
0 0.648536 0.833139 0.014663 0.013330
0 0.758288 0.969940 0.028882 0.028327
0 0.776284 0.993885 0.037325 0.012230
0 0.474534 0.478021 0.036266 0.036266
0 0.316655 0.425072 0.017408 0.013781