0 0.471244 0.011817 0.072613 0.023633
0 0.502413 0.056258 0.029456 0.012844
0 0.442130 0.061652 0.070558 0.039046
0 0.409592 0.122020 0.057542 0.043670
0 0.342802 0.241624 0.023976 0.019523
0 0.526046 0.244193 0.104124 0.087341
0 0.440075 0.317919 0.028086 0.019009
0 0.429800 0.365771 0.062337 0.046239
0 0.657228 0.359349 0.099329 0.063194
0 0.476724 0.414146 0.061652 0.043317
0 0.434253 0.544467 0.042472 0.034423
0 0.514401 0.518778 0.072613 0.059083
0 0.589411 0.520833 0.088368 0.071414
0 0.523306 0.591990 0.069873 0.046239
0 0.361982 0.645238 0.059597 0.036991
0 0.592836 0.882141 0.106179 0.081176