0 0.518201 0.038692 0.035397 0.043369
0 0.567629 0.036354 0.020090 0.025936
0 0.573529 0.213358 0.028062 0.048046
0 0.561730 0.377182 0.025511 0.038692
0 0.654687 0.445278 0.053255 0.072282
0 0.456018 0.431672 0.040499 0.056125
0 0.578312 0.493298 0.031889 0.043369
0 0.556149 0.509455 0.011799 0.019559
0 0.523941 0.537518 0.022641 0.022110
0 0.553598 0.566643 0.070475 0.080361
0 0.684663 0.693754 0.023279 0.041243
0 0.559019 0.776879 0.020090 0.022960
0 0.545945 0.808130 0.019452 0.022535
0 0.527768 0.794311 0.017539 0.024661
0 0.488704 0.769863 0.017220 0.022535
0 0.504330 0.885880 0.019771 0.024236