0 0.559774 0.869884 0.016294 0.025248
0 0.563077 0.812342 0.022899 0.027597
0 0.505388 0.775644 0.012330 0.019964
0 0.546123 0.797663 0.018936 0.022899
0 0.579151 0.780635 0.027744 0.018202
0 0.478085 0.439722 0.038753 0.055781
0 0.543921 0.542182 0.029505 0.024661
0 0.572545 0.580935 0.071781 0.075157
0 0.596325 0.497851 0.029505 0.045212
0 0.573866 0.515466 0.018055 0.019376
0 0.673831 0.450199 0.051524 0.077506
0 0.580912 0.386492 0.020698 0.034643
0 0.593463 0.221948 0.021138 0.050496
0 0.539297 0.050790 0.030826 0.047560
0 0.704217 0.701368 0.020698 0.035817
0 0.518379 0.888967 0.017175 0.024661