0 0.065833 0.525519 0.013606 0.011480
0 0.015661 0.543590 0.015307 0.007653
0 0.091628 0.474158 0.013039 0.008504
0 0.108636 0.494567 0.013039 0.011055
0 0.289482 0.506685 0.016441 0.009779
0 0.183575 0.608159 0.017574 0.014882
0 0.261526 0.572230 0.018141 0.011905
0 0.349398 0.577120 0.024944 0.014031
0 0.367256 0.702823 0.033448 0.027637
0 0.419980 0.620549 0.019842 0.011055
0 0.374910 0.591636 0.010205 0.008504
0 0.394185 0.758928 0.035149 0.025936
0 0.393901 0.787628 0.032314 0.027212
0 0.413177 0.870785 0.024377 0.020409
0 0.434153 0.942217 0.019842 0.020409
0 0.364705 0.312932 0.036283 0.026787
0 0.419980 0.007016 0.024377 0.014031
0 0.480923 0.088439 0.027212 0.016157
0 0.498781 0.157532 0.042519 0.042094
0 0.462215 0.218334 0.036283 0.023385
0 0.422814 0.228751 0.015307 0.012756
0 0.406374 0.244908 0.016441 0.008504
0 0.427066 0.242782 0.018141 0.010205
0 0.375760 0.428630 0.013039 0.014031
0 0.621235 0.994706 0.030047 0.010587