0 0.556720 0.107891 0.067406 0.055487
0 0.502466 0.057953 0.097000 0.106042
0 0.444102 0.247226 0.065762 0.104809
0 0.504932 0.347102 0.078915 0.092478
0 0.435060 0.367448 0.057542 0.064118
0 0.400534 0.509864 0.041102 0.033292
0 0.541102 0.468557 0.036169 0.024661
0 0.540279 0.437115 0.044390 0.033292
0 0.467119 0.439581 0.072339 0.060419
0 0.284173 0.587658 0.023914 0.015133
0 0.266237 0.676494 0.029892 0.021298
0 0.318922 0.705358 0.018683 0.016254
0 0.491175 0.552655 0.085192 0.058289
0 0.556937 0.552655 0.049322 0.033629
0 0.476602 0.699219 0.045585 0.029705
0 0.346572 0.608422 0.032134 0.021859
0 0.399631 0.697818 0.053058 0.035870
0 0.360024 0.720517 0.033629 0.022979
0 0.349935 0.761992 0.034376 0.024100
0 0.435127 0.746299 0.046333 0.039794
0 0.556564 0.758349 0.030639 0.028024
0 0.474361 0.858648 0.021672 0.011210
0 0.458667 0.805963 0.026156 0.017935
0 0.453063 0.895079 0.050816 0.033629