0 0.621147 0.023698 0.042643 0.035065
0 0.620633 0.076487 0.032367 0.025046
0 0.590834 0.097488 0.040588 0.042386
0 0.653000 0.092478 0.023120 0.012330
0 0.697185 0.068973 0.017982 0.016184
0 0.721075 0.073597 0.019523 0.015413
0 0.701808 0.008477 0.023120 0.016954
0 0.521989 0.148736 0.033395 0.028514
0 0.559494 0.140259 0.040588 0.064735
0 0.584926 0.223875 0.035964 0.035450
0 0.518136 0.292246 0.044184 0.102882
0 0.495530 0.376825 0.038019 0.061652
0 0.363748 0.580760 0.019009 0.020808
0 0.360152 0.775007 0.026202 0.021964
0 0.370171 0.808337 0.034936 0.041615
0 0.498099 0.867949 0.020551 0.018110
0 0.458282 0.889141 0.039560 0.023505
0 0.441841 0.846948 0.046753 0.029285
0 0.418465 0.760250 0.047267 0.040074
0 0.463677 0.753121 0.018496 0.013486
0 0.479603 0.733662 0.040074 0.031597
0 0.550247 0.741369 0.027230 0.024661
0 0.570797 0.723836 0.020037 0.021193
0 0.503494 0.792424 0.035450 0.027358
0 0.503751 0.910334 0.020551 0.017340
0 0.389437 0.938656 0.106350 0.096332
0 0.417180 0.992255 0.035450 0.015490
0 0.318280 0.921702 0.033909 0.035450
0 0.331895 0.843805 0.033395 0.048936
0 0.441071 0.626632 0.055487 0.048936
0 0.453401 0.530631 0.044184 0.034679
0 0.459566 0.494218 0.041102 0.035065
0 0.484741 0.417941 0.024661 0.021193
0 0.537659 0.364766 0.028771 0.021193
0 0.574908 0.333747 0.034423 0.022349
0 0.586210 0.371202 0.026202 0.034294
0 0.601367 0.322205 0.033909 0.037762
0 0.601624 0.534135 0.038533 0.038533
0 0.379932 0.697827 0.026716 0.016569
0 0.832635 0.670022 0.039457 0.037485
0 0.882285 0.575570 0.032224 0.044883
0 0.649157 0.383200 0.027620 0.016276