0 0.060853 0.466852 0.036991 0.052519
0 0.135007 0.581479 0.052404 0.056172
0 0.147338 0.464040 0.053089 0.063936
0 0.222690 0.469521 0.019523 0.041102
0 0.368151 0.531173 0.043157 0.053889
0 0.301672 0.543047 0.063772 0.072156
0 0.304101 0.448285 0.043157 0.057085
0 0.341606 0.458104 0.035279 0.052975
0 0.347772 0.403230 0.030484 0.036078
0 0.418158 0.409395 0.056172 0.102297
0 0.463198 0.526449 0.047609 0.057542
0 0.538830 0.544031 0.057200 0.068046
0 0.729711 0.552708 0.058227 0.078093
0 0.631752 0.632171 0.044527 0.051605
0 0.606920 0.563212 0.037334 0.038818
0 0.601954 0.481694 0.056172 0.065762
0 0.558556 0.413049 0.035964 0.046582
0 0.583388 0.351397 0.016441 0.026488
0 0.637677 0.377656 0.034594 0.049779
0 0.482486 0.340665 0.041787 0.058912
0 0.502009 0.442733 0.036991 0.085857
0 0.883740 0.614817 0.058570 0.068959
0 0.806846 0.475001 0.054117 0.086770
0 0.874149 0.451482 0.046924 0.062566
0 0.839042 0.348428 0.049322 0.059826
0 0.700255 0.429946 0.045897 0.069416
0 0.744781 0.405970 0.021921 0.026031
0 0.193063 0.547457 0.038361 0.059369
0 0.242556 0.535354 0.033224 0.053432
0 0.278349 0.481237 0.017811 0.023748