0 0.378320 0.035291 0.077101 0.052723
0 0.571639 0.244397 0.028346 0.024236
0 0.472145 0.247161 0.014173 0.010205
0 0.705998 0.299246 0.044220 0.020834
0 0.705148 0.337088 0.067463 0.044645
0 0.517215 0.388662 0.024944 0.014031
0 0.448618 0.385260 0.052156 0.032739
0 0.519766 0.523563 0.036850 0.029358
0 0.494538 0.640054 0.037417 0.029338
0 0.621244 0.702982 0.078802 0.049747
0 0.341470 0.676833 0.052156 0.043369
0 0.514380 0.726069 0.038550 0.026787
0 0.482633 0.733509 0.014740 0.017008
0 0.435862 0.750942 0.037983 0.020409
0 0.373218 0.918320 0.019275 0.019559
0 0.448618 0.984523 0.023811 0.015732
0 0.432177 0.934989 0.018141 0.017008
0 0.475830 0.924997 0.026078 0.015732
0 0.455704 0.944555 0.027779 0.019984
0 0.476113 0.774626 0.096943 0.056550