0 0.492854 0.078756 0.055686 0.064437
0 0.549335 0.334551 0.114554 0.099837
0 0.478269 0.433455 0.025456 0.022672
0 0.518840 0.465792 0.050383 0.083131
0 0.532099 0.565946 0.040836 0.024661
0 0.613772 0.575889 0.071596 0.072392
0 0.561798 0.621631 0.037654 0.048526
0 0.527856 0.638138 0.094931 0.071198
0 0.514863 0.729206 0.056216 0.042560
0 0.594945 0.812934 0.032881 0.021479
0 0.557290 0.781710 0.049852 0.051311
0 0.494179 0.785290 0.029699 0.026650
0 0.436372 0.879639 0.026517 0.023468
0 0.544562 0.865916 0.046670 0.044549
0 0.491263 0.922994 0.057807 0.043355
0 0.550131 0.967941 0.074778 0.046538
0 0.373792 0.313805 0.026517 0.015910