0 0.284239 0.160345 0.094416 0.089836
0 0.264745 0.249884 0.081733 0.083847
0 0.320878 0.237906 0.016441 0.016206
0 0.272496 0.366776 0.025835 0.017263
0 0.281890 0.328023 0.019259 0.016558
0 0.507596 0.345693 0.018789 0.019729
0 0.567252 0.464770 0.016910 0.019024
0 0.283065 0.506727 0.031002 0.013740
0 0.241259 0.532268 0.025366 0.018320
0 0.239145 0.563799 0.025835 0.017263
0 0.288232 0.552349 0.021608 0.016910
0 0.310779 0.645813 0.046034 0.036639
0 0.293869 0.727299 0.045094 0.023956
0 0.476829 0.662179 0.011743 0.012330
0 0.295513 0.345214 0.023017 0.017615