0 0.706197 0.148222 0.045212 0.058056
0 0.648655 0.192406 0.063022 0.083744
0 0.542476 0.230425 0.083573 0.095047
0 0.586660 0.339240 0.019866 0.023633
0 0.654820 0.345738 0.050692 0.041768
0 0.558916 0.460385 0.120564 0.140259
0 0.470206 0.481707 0.000685 0.000000
0 0.498977 0.555328 0.099329 0.092478
0 0.351354 0.568172 0.028771 0.033909
0 0.435612 0.693428 0.023291 0.014899
0 0.592483 0.648473 0.063022 0.050349
0 0.635297 0.700620 0.023976 0.033395
0 0.587688 0.805847 0.071243 0.062166
0 0.577412 0.872637 0.080833 0.086827