0 0.404805 0.132371 0.032881 0.024661
0 0.561716 0.297178 0.073983 0.046783
0 0.494503 0.337546 0.019825 0.014144
0 0.519405 0.369279 0.068664 0.066004
0 0.528593 0.422590 0.028046 0.021034
0 0.553254 0.451784 0.032881 0.023573
0 0.405530 0.453161 0.025628 0.023210
0 0.416652 0.489246 0.032398 0.021397
0 0.385221 0.510462 0.024661 0.034090
0 0.476370 0.484713 0.078335 0.056575
0 0.474194 0.608907 0.045937 0.038079
0 0.502239 0.715637 0.025628 0.011242
0 0.412783 0.719626 0.050772 0.048959
0 0.353065 0.698048 0.036750 0.024661
0 0.375550 0.867121 0.015957 0.015957
0 0.400694 0.854972 0.017891 0.013418
0 0.296248 0.876732 0.039167 0.023573
0 0.318250 0.994306 0.059960 0.011388
0 0.565826 0.362207 0.019342 0.017770
0 0.334250 0.631765 0.017354 0.015071
0 0.304565 0.929579 0.038361 0.020551
0 0.270314 0.940882 0.013701 0.008905
0 0.223054 0.961947 0.017811 0.009933
0 0.238353 0.977189 0.021007 0.010960
0 0.289045 0.979586 0.033795 0.021921
0 0.237440 0.993218 0.052975 0.013564
0 0.367823 0.897212 0.055259 0.057200
0 0.418286 0.889848 0.064849 0.031511
0 0.435184 0.763182 0.029228 0.021578
0 0.325123 0.771403 0.011874 0.010618