0 0.178485 0.238065 0.026558 0.031300
0 0.167736 0.306831 0.027823 0.016124
0 0.243615 0.335523 0.055645 0.050745
0 0.450704 0.233560 0.022132 0.016599
0 0.441851 0.250870 0.020867 0.014227
0 0.475049 0.306831 0.032881 0.019918
0 0.565788 0.462125 0.060071 0.048848
0 0.449439 0.489632 0.028455 0.014702
0 0.365023 0.391225 0.021499 0.016124
0 0.314753 0.583199 0.023396 0.019444
0 0.477262 0.561384 0.133422 0.066869
0 0.489908 0.658034 0.119511 0.084416
0 0.410551 0.629817 0.021499 0.020393
0 0.433631 0.610135 0.019602 0.013279
0 0.646094 0.705696 0.058807 0.049796
0 0.529745 0.769008 0.041102 0.025609
0 0.606257 0.779679 0.055013 0.044105
0 0.390000 0.705059 0.038572 0.030826
0 0.462402 0.720709 0.077144 0.039363
0 0.407389 0.746082 0.079674 0.042682
0 0.615110 0.869534 0.065130 0.030826
0 0.658741 0.848667 0.024661 0.016599
0 0.531010 0.883525 0.049954 0.033197
0 0.422565 0.786778 0.073350 0.035094
0 0.478843 0.829223 0.068292 0.116191
0 0.544605 0.821872 0.065762 0.055961