0 0.173677 0.412195 0.034049 0.046519
0 0.110414 0.323359 0.072301 0.069499
0 0.222228 0.334849 0.029425 0.030826
0 0.243456 0.229874 0.033208 0.037552
0 0.314076 0.237440 0.021438 0.015693
0 0.315548 0.214180 0.026903 0.030826
0 0.354010 0.199608 0.032367 0.053245
0 0.358214 0.268546 0.048341 0.058850
0 0.346234 0.329358 0.044558 0.050443
0 0.296632 0.350656 0.021859 0.026903
0 0.402772 0.408105 0.039093 0.046519
0 0.210038 0.555484 0.018496 0.024100
0 0.456025 0.362146 0.026903 0.033068
0 0.482928 0.323753 0.037832 0.056048
0 0.506678 0.269107 0.022279 0.034189
0 0.505838 0.226511 0.023120 0.030826
0 0.646788 0.230154 0.025221 0.030266
0 0.524885 0.381482 0.042876 0.047080
0 0.562717 0.445263 0.033629 0.038673
0 0.579531 0.397902 0.043717 0.062773
0 0.584576 0.339613 0.023540 0.031387
0 0.616313 0.366236 0.039934 0.051003
0 0.646788 0.396221 0.028584 0.045959
0 0.655826 0.322518 0.036571 0.031947
0 0.704798 0.335690 0.027744 0.036991
0 0.716778 0.370719 0.018916 0.039794
0 0.754400 0.348020 0.043717 0.048201
0 0.766800 0.433773 0.035730 0.071741
0 0.713205 0.435174 0.030266 0.049882
0 0.706059 0.487859 0.019336 0.022979
0 0.720561 0.468803 0.024801 0.025221
0 0.624299 0.474127 0.036571 0.040354
0 0.926536 0.455351 0.017235 0.027463
0 0.926746 0.413596 0.025221 0.044838
0 0.877354 0.369038 0.016394 0.024100
0 0.910352 0.367637 0.041195 0.041475
0 0.857807 0.407711 0.013451 0.019617
0 0.879035 0.411634 0.020597 0.051003
0 0.900263 0.407431 0.026062 0.040354
0 0.976138 0.553242 0.023120 0.031947
0 0.982709 0.489347 0.034581 0.052124
0 0.980552 0.452636 0.014292 0.021298
0 0.762176 0.552681 0.023960 0.033068