0 0.397921 0.942751 0.036639 0.024661
0 0.519582 0.991985 0.032881 0.016030
0 0.479420 0.925489 0.039927 0.031002
0 0.548705 0.890435 0.029123 0.022899
0 0.624802 0.888145 0.038518 0.031707
0 0.479890 0.873701 0.053080 0.023956
0 0.567260 0.851682 0.049322 0.037696
0 0.460396 0.817047 0.024426 0.016558
0 0.522400 0.763850 0.028184 0.025718
0 0.541190 0.802074 0.081733 0.071869
0 0.455698 0.740070 0.033821 0.024661
0 0.561153 0.744121 0.038988 0.030650
0 0.656744 0.785340 0.044155 0.031355
0 0.667547 0.750110 0.059186 0.028536
0 0.672480 0.712943 0.049322 0.031707
0 0.613528 0.752752 0.056368 0.043685
0 0.561858 0.710900 0.077975 0.037696
0 0.609536 0.712310 0.027714 0.019376
0 0.637954 0.661523 0.022547 0.014797
0 0.568904 0.668217 0.062944 0.048617
0 0.667547 0.604803 0.041336 0.034525
0 0.603429 0.628760 0.026775 0.021138
0 0.563737 0.623828 0.053549 0.040162
0 0.609770 0.597934 0.059186 0.045447
0 0.574306 0.594058 0.023017 0.020786
0 0.469321 0.669450 0.035700 0.025013
0 0.428689 0.658529 0.021138 0.016558
0 0.521696 0.650602 0.017380 0.021138
0 0.494921 0.620128 0.038048 0.053902
0 0.480829 0.563359 0.039927 0.027479
0 0.416006 0.582031 0.030533 0.027479
0 0.480829 0.515743 0.033351 0.020786
0 0.371616 0.516272 0.024426 0.014092
0 0.480359 0.492668 0.017380 0.010569
0 0.534613 0.502180 0.037579 0.023956
0 0.567260 0.507993 0.028654 0.016558
0 0.588398 0.556258 0.033351 0.027127
0 0.570783 0.538819 0.031942 0.022547
0 0.627855 0.548331 0.084082 0.064823
0 0.679760 0.506479 0.019729 0.017263
0 0.646644 0.478647 0.041806 0.053197
0 0.668017 0.445003 0.019729 0.017615
0 0.640773 0.446236 0.026305 0.019376
0 0.586049 0.469135 0.044625 0.035582
0 0.589572 0.494853 0.021608 0.016558
0 0.553403 0.481113 0.027244 0.012330
0 0.553168 0.466317 0.027714 0.015149
0 0.505490 0.456629 0.021608 0.012683
0 0.454759 0.443418 0.019729 0.014444
0 0.491868 0.417347 0.040397 0.028536
0 0.576185 0.436195 0.026775 0.024661
0 0.608831 0.443946 0.038518 0.032411
0 0.593330 0.409245 0.018789 0.015853
0 0.559509 0.399980 0.047913 0.046151
0 0.635136 0.365631 0.056368 0.030298
0 0.560683 0.369154 0.118842 0.081029
0 0.479890 0.386593 0.046503 0.033468
0 0.452880 0.358057 0.038518 0.034878
0 0.508074 0.312379 0.022077 0.016558
0 0.586284 0.330346 0.031002 0.025013
0 0.636310 0.306566 0.045564 0.038753
0 0.620574 0.268997 0.027244 0.023956
0 0.600846 0.285379 0.023487 0.018672
0 0.568199 0.298061 0.065293 0.045447
0 0.590042 0.250677 0.023487 0.020433
0 0.602490 0.229891 0.040867 0.020433
0 0.562797 0.226192 0.040397 0.029945
0 0.463214 0.267587 0.052610 0.041571
0 0.458282 0.213157 0.061535 0.054606
0 0.525454 0.187506 0.033351 0.016206
0 0.560449 0.164430 0.043215 0.037696
0 0.608596 0.143820 0.047443 0.033821
0 0.639129 0.120040 0.033351 0.032764
0 0.439728 0.122952 0.056368 0.051436
0 0.509952 0.087194 0.044625 0.029241
0 0.579003 0.057953 0.046503 0.075744
0 0.525923 0.030650 0.041806 0.038048
0 0.451001 0.030474 0.031942 0.030650
0 0.392050 0.043509 0.047443 0.034173
0 0.584875 0.020433 0.077975 0.040866