0 0.151690 0.502217 0.020808 0.025175
0 0.229912 0.459574 0.036991 0.043670
0 0.061717 0.594182 0.035065 0.045725
0 0.123369 0.542034 0.023505 0.023633
0 0.060753 0.685633 0.034679 0.043670
0 0.192415 0.586475 0.045083 0.048808
0 0.237112 0.548200 0.037377 0.030826
0 0.354444 0.658146 0.033909 0.046239
0 0.551039 0.551282 0.063964 0.057542
0 0.465882 0.434504 0.047010 0.062680
0 0.375138 0.423715 0.063579 0.070900
0 0.287357 0.518571 0.035730 0.071180
0 0.575847 0.419367 0.051283 0.057729
0 0.774787 0.484662 0.075244 0.088555
0 0.866845 0.468689 0.049182 0.074543
0 0.788238 0.386019 0.061792 0.070620
0 0.840573 0.385738 0.052965 0.061092
0 0.979136 0.446830 0.041727 0.077906
0 0.955750 0.319322 0.072301 0.119942