0 0.427343 0.898197 0.108919 0.182645
0 0.541914 0.868912 0.118167 0.117910
0 0.688338 0.837700 0.045212 0.046239
0 0.305580 0.683955 0.046239 0.057799
0 0.457656 0.689350 0.169544 0.124075
0 0.617952 0.691662 0.107891 0.094790
0 0.706320 0.762176 0.033909 0.033909
0 0.666760 0.727112 0.059597 0.056258
0 0.254717 0.456757 0.078093 0.118681
0 0.396517 0.515326 0.119194 0.117139
0 0.546024 0.539602 0.175709 0.167232
0 0.688338 0.455215 0.102754 0.206535
0 0.455601 0.360317 0.188039 0.145654
0 0.717623 0.290187 0.060625 0.063964
0 0.423747 0.250077 0.093506 0.077836
0 0.217212 0.270114 0.070900 0.060882
0 0.222350 0.202297 0.066790 0.068588
0 0.327672 0.263178 0.090423 0.114827
0 0.541914 0.213471 0.155158 0.120222
0 0.673953 0.205379 0.108919 0.104038
0 0.651347 0.084001 0.154131 0.132552
0 0.444298 0.038147 0.144883 0.073212