0 0.488081 0.322091 0.024147 0.020037
0 0.504778 0.411487 0.020551 0.014642
0 0.486282 0.431909 0.041102 0.028514
0 0.455970 0.513984 0.020551 0.023120
0 0.482686 0.532594 0.020551 0.015413
0 0.434135 0.628468 0.042643 0.040459
0 0.272298 0.593457 0.014899 0.010018
0 0.319307 0.703468 0.018496 0.017340
0 0.245068 0.762483 0.015927 0.013101
0 0.359895 0.690813 0.026716 0.033138
0 0.399199 0.699482 0.028257 0.028129
0 0.366060 0.742254 0.021578 0.016569
0 0.381730 0.778167 0.033395 0.025817
0 0.317252 0.864866 0.059597 0.042771
0 0.313142 0.917463 0.017468 0.013872