0 0.322925 0.829737 0.082888 0.051377
0 0.529803 0.760121 0.095219 0.059083
0 0.410951 0.704634 0.046582 0.044698
0 0.511307 0.664303 0.084258 0.075010
0 0.610978 0.673808 0.113714 0.091965
0 0.464383 0.532570 0.079463 0.050863
0 0.699004 0.461927 0.132210 0.096589
0 0.405128 0.477596 0.089738 0.062166
0 0.420884 0.413118 0.052747 0.034936
0 0.292784 0.317919 0.033566 0.026716
0 0.531858 0.307952 0.143170 0.106246
0 0.375672 0.158498 0.077408 0.059083
0 0.423281 0.079634 0.100014 0.052404
0 0.505484 0.056771 0.042472 0.031340
0 0.458560 0.013101 0.100699 0.026202