0 0.550131 0.646709 0.020683 0.021877
0 0.458912 0.568233 0.028108 0.017104
0 0.384133 0.444015 0.023865 0.023468
0 0.365837 0.425917 0.020153 0.014319
0 0.356556 0.407620 0.023865 0.016706
0 0.449100 0.413325 0.014850 0.016706
0 0.417545 0.408353 0.021744 0.011535
0 0.393945 0.355452 0.020153 0.023468
0 0.304847 0.027644 0.025456 0.013921
0 0.254465 0.051708 0.024396 0.014319
0 0.340911 0.014319 0.020153 0.023865
0 0.321553 0.093672 0.037654 0.047333
0 0.393945 0.296900 0.045609 0.086313
0 0.433720 0.380610 0.043488 0.044549