0 0.326008 0.012074 0.080833 0.024147
0 0.539393 0.215526 0.032196 0.026202
0 0.437324 0.221691 0.022606 0.016954
0 0.679481 0.274762 0.041102 0.032367
0 0.680851 0.313038 0.078093 0.049322
0 0.488359 0.369552 0.030141 0.027744
0 0.413349 0.370580 0.056857 0.045212
0 0.495894 0.515615 0.045212 0.040074
0 0.311280 0.679484 0.067818 0.043157
0 0.605156 0.702089 0.074668 0.058570
0 0.471576 0.638125 0.052747 0.033395
0 0.496579 0.725699 0.043842 0.029285
0 0.415404 0.752158 0.041787 0.021578
0 0.460615 0.783755 0.106179 0.053946
0 0.438695 0.954583 0.030826 0.018496
0 0.462670 0.933518 0.030826 0.016441
0 0.353751 0.928894 0.022606 0.018496
0 0.416431 0.945592 0.016441 0.017982
0 0.433214 0.993732 0.025346 0.012536
0 0.464383 0.733919 0.017811 0.017982