0 0.447130 0.520982 0.051589 0.050172
0 0.397808 0.420936 0.030047 0.028913
0 0.212142 0.203260 0.021543 0.014456
0 0.407162 0.216653 0.058959 0.047196
0 0.305117 0.250668 0.045353 0.034440
0 0.395540 0.303817 0.020976 0.034440
0 0.549175 0.925847 0.031180 0.036141
0 0.496735 0.926698 0.049889 0.037842
0 0.586591 0.892470 0.061794 0.062077
0 0.600481 0.856329 0.014740 0.011905
0 0.462153 0.774693 0.018141 0.014456
0 0.361525 0.692419 0.018708 0.012330
0 0.493900 0.800204 0.048755 0.063778
0 0.506656 0.695688 0.111683 0.063353
0 0.345084 0.251711 0.025511 0.013606
0 0.387036 0.258089 0.043653 0.030614
0 0.419067 0.179642 0.030614 0.013181
0 0.285275 0.093967 0.028346 0.015307