0 0.492819 0.966128 0.016320 0.020309
0 0.012409 0.279229 0.024818 0.029720
0 0.065130 0.335032 0.025135 0.040153
0 0.118246 0.310845 0.028929 0.048057
0 0.229954 0.380812 0.010196 0.018970
0 0.066219 0.398833 0.012330 0.010117
0 0.268675 0.345243 0.028929 0.050270
0 0.315270 0.340658 0.014939 0.020867
0 0.317404 0.424442 0.014465 0.015808
0 0.372180 0.431556 0.017310 0.017389
0 0.437222 0.369746 0.019918 0.027190
0 0.454770 0.310781 0.010433 0.014227
0 0.427263 0.299399 0.014227 0.017389
0 0.407819 0.428711 0.023238 0.024977
0 0.388256 0.475977 0.018733 0.017073
0 0.410427 0.472816 0.025135 0.018970
0 0.521212 0.422703 0.031775 0.038256
0 0.544214 0.378332 0.018021 0.015492
0 0.568993 0.413742 0.024424 0.031300
0 0.584762 0.486460 0.018021 0.013595
0 0.561761 0.473023 0.025135 0.032881
0 0.623413 0.483931 0.030826 0.031300
0 0.618671 0.445359 0.041260 0.045844
0 0.586422 0.386028 0.040785 0.038256
0 0.648074 0.360893 0.018496 0.025293
0 0.704461 0.349985 0.018970 0.016124
0 0.696518 0.408160 0.012568 0.016757
0 0.727699 0.389506 0.009959 0.016124
0 0.693316 0.484133 0.024187 0.026874
0 0.723905 0.456469 0.035569 0.055645
0 0.765165 0.537185 0.033197 0.030352
0 0.742045 0.518215 0.021104 0.020235
0 0.790849 0.500352 0.051930 0.066711
0 0.807329 0.656271 0.023238 0.018338
0 0.853094 0.473749 0.044105 0.064498
0 0.838866 0.386596 0.043157 0.049322
0 0.985117 0.446194 0.029766 0.054697