0 0.374928 0.197534 0.025647 0.029100
0 0.418002 0.221948 0.023674 0.039457
0 0.368681 0.017016 0.044718 0.034032
0 0.376572 0.058446 0.034196 0.034032
0 0.415043 0.308308 0.042746 0.049815
0 0.471270 0.498836 0.105220 0.067571
0 0.456802 0.606504 0.052610 0.066584
0 0.415043 0.575925 0.026963 0.026141
0 0.323633 0.487739 0.023017 0.017756
0 0.530785 0.696840 0.061159 0.064118
0 0.465351 0.679824 0.028935 0.019236
0 0.494287 0.730872 0.039457 0.034525
0 0.463707 0.738764 0.086149 0.059186
0 0.440033 0.847842 0.026963 0.015783
0 0.523551 0.872750 0.026963 0.019236
0 0.456802 0.807645 0.048664 0.027127
0 0.582409 0.838471 0.015783 0.013810
0 0.484423 0.847349 0.052610 0.040444
0 0.483085 0.914076 0.038938 0.042832
0 0.451069 0.921053 0.037208 0.016549
0 0.443281 0.960315 0.048457 0.029528
0 0.394392 0.924946 0.027689 0.017847
0 0.492170 0.989162 0.070954 0.021676