0 0.175516 0.448364 0.042771 0.055487
0 0.162801 0.396730 0.018496 0.018496
0 0.279844 0.212038 0.024854 0.052404
0 0.195746 0.172626 0.017340 0.035450
0 0.383593 0.048551 0.036991 0.047781
0 0.460754 0.087469 0.022542 0.020808
0 0.458443 0.225801 0.043349 0.066276
0 0.407001 0.288995 0.045661 0.070900
0 0.452663 0.347950 0.052597 0.085543
0 0.365097 0.388409 0.046239 0.058570
0 0.312211 0.475337 0.083809 0.105580
0 0.411914 0.601724 0.046239 0.043927
0 0.436479 0.555485 0.052597 0.091708
0 0.465089 0.752543 0.028900 0.048551
0 0.194301 0.711699 0.035257 0.060882
0 0.194301 0.767571 0.041037 0.032367
0 0.330129 0.779131 0.106928 0.114057
0 0.264527 0.730965 0.055487 0.082460
0 0.317702 0.693203 0.054331 0.065506
0 0.441681 0.678946 0.056065 0.081689
0 0.373189 0.661606 0.079763 0.097873
0 0.422896 0.019652 0.027744 0.039303
0 0.223779 0.890875 0.022542 0.036991
0 0.317991 0.923243 0.064157 0.100185
0 0.464222 0.826141 0.022542 0.033909
0 0.483585 0.870453 0.019652 0.022349
0 0.461332 0.914766 0.073405 0.131011
0 0.385905 0.930795 0.085543 0.138409