0 0.544259 0.938379 0.017284 0.010750
0 0.539411 0.925258 0.016019 0.011066
0 0.556695 0.952765 0.023607 0.019286
0 0.525289 0.700228 0.034989 0.030984
0 0.515594 0.651647 0.021499 0.014544
0 0.471541 0.669826 0.019391 0.015492
0 0.393764 0.586359 0.021499 0.018021
0 0.527819 0.598373 0.024029 0.016757
0 0.547210 0.646272 0.016441 0.012647
0 0.510746 0.540529 0.024450 0.016757
0 0.517069 0.484840 0.014333 0.010750
0 0.468801 0.465030 0.022342 0.010750
0 0.459527 0.425351 0.025715 0.024345
0 0.483555 0.421715 0.019813 0.013279
0 0.481237 0.447957 0.033724 0.018970
0 0.415646 0.306172 0.075037 0.069240
0 0.377495 0.183989 0.018127 0.013279
0 0.357682 0.148262 0.013911 0.014544
0 0.352577 0.216667 0.017705 0.012647
0 0.352366 0.201966 0.013068 0.012330
0 0.313162 0.139948 0.018970 0.019602
0 0.298408 0.106548 0.017284 0.007588
0 0.257306 0.112713 0.022764 0.016757
0 0.280492 0.088684 0.029509 0.018021
0 0.235385 0.077619 0.023607 0.028771
0 0.160770 0.124727 0.015176 0.009801
0 0.259414 0.063391 0.024450 0.033197
0 0.154025 0.016757 0.010117 0.007588