0 0.574805 0.881628 0.110152 0.096178
0 0.348286 0.642480 0.073591 0.042050
0 0.511905 0.592131 0.082996 0.052326
0 0.420312 0.541210 0.036013 0.034056
0 0.542834 0.517430 0.151097 0.067524
0 0.464545 0.409309 0.057151 0.038753
0 0.646958 0.357932 0.107255 0.066350
0 0.416789 0.362923 0.069677 0.049322
0 0.428532 0.315950 0.038361 0.023487
0 0.517390 0.234279 0.106473 0.077506
0 0.334977 0.236627 0.036013 0.021138
0 0.399565 0.117139 0.064980 0.046386
0 0.435970 0.055487 0.073591 0.045212
0 0.464154 0.010569 0.076723 0.021138
0 0.286047 0.434970 0.030533 0.031120
0 0.492158 0.052325 0.019391 0.011698