0 0.453826 0.216421 0.060660 0.051873
0 0.347246 0.251346 0.040251 0.030188
0 0.263342 0.204575 0.027779 0.018283
0 0.439937 0.303133 0.026078 0.024661
0 0.437669 0.419847 0.027212 0.027637
0 0.482739 0.517833 0.052723 0.039968
0 0.396001 0.689502 0.019842 0.014031
0 0.492660 0.772201 0.022677 0.015307
0 0.534045 0.679085 0.037417 0.027212
0 0.551053 0.720541 0.098644 0.046346
0 0.644878 0.741163 0.000567 0.000000
0 0.525541 0.796590 0.040818 0.065904
0 0.578548 0.922020 0.033448 0.029338
0 0.629287 0.888643 0.053290 0.062077
0 0.526675 0.918194 0.048755 0.041243
0 0.433984 0.258362 0.044786 0.032314
0 0.389765 0.249007 0.026645 0.020409