0 0.531834 0.468974 0.023335 0.023865
0 0.572140 0.453660 0.032881 0.025854
0 0.623318 0.431585 0.033412 0.031821
0 0.596005 0.390815 0.026517 0.021081
0 0.526530 0.434568 0.028638 0.034605
0 0.553578 0.502186 0.015910 0.018695
0 0.561003 0.552702 0.021214 0.017899
0 0.538463 0.570203 0.020683 0.011535
0 0.538993 0.626069 0.010077 0.010342
0 0.557321 0.916090 0.013490 0.014227
0 0.616338 0.892851 0.016862 0.013279
0 0.593364 0.898542 0.010539 0.010117
0 0.591677 0.881311 0.014754 0.009169
0 0.544463 0.866926 0.008010 0.008220
0 0.543410 0.881944 0.008431 0.007272
0 0.588305 0.785054 0.011382 0.008220
0 0.601795 0.780469 0.008853 0.007272
0 0.558796 0.787741 0.013911 0.007904
0 0.562801 0.808292 0.011804 0.008536
0 0.689689 0.800388 0.010960 0.009169
0 0.693694 0.696276 0.013068 0.007904
0 0.617814 0.593379 0.013068 0.011382
0 0.643950 0.578203 0.014754 0.008220
0 0.578609 0.621517 0.011382 0.008853
0 0.603481 0.599386 0.007166 0.007588
0 0.511161 0.322721 0.048479 0.036359
0 0.594628 0.329993 0.034989 0.031300
0 0.571864 0.260595 0.028244 0.034778
0 0.495563 0.278616 0.014754 0.012647
0 0.524018 0.229294 0.043842 0.036043