0 0.537079 0.020208 0.018496 0.033566
0 0.670659 0.089738 0.040074 0.053432
0 0.592309 0.119537 0.025175 0.040416
0 0.558400 0.108919 0.040588 0.039731
0 0.632640 0.170914 0.022606 0.029456
0 0.703026 0.197972 0.019523 0.030141
0 0.672714 0.182217 0.033909 0.049322
0 0.671943 0.232566 0.019009 0.014386
0 0.536051 0.239277 0.017468 0.019181
0 0.545556 0.287571 0.010789 0.019866
0 0.484160 0.338606 0.014386 0.023291
0 0.453591 0.329701 0.010789 0.021921
0 0.516271 0.284146 0.026202 0.054117
0 0.540932 0.342374 0.016954 0.026716
0 0.498546 0.426974 0.016441 0.016441
0 0.677080 0.329625 0.012805 0.019444
0 0.597901 0.306387 0.064024 0.073508
0 0.632225 0.346461 0.029522 0.038888
0 0.639161 0.392226 0.026321 0.029878
0 0.661569 0.371596 0.027032 0.027506
0 0.547927 0.403608 0.011026 0.018496
0 0.568201 0.400288 0.012449 0.017547
0 0.577805 0.428506 0.027388 0.047425
0 0.637916 0.442881 0.043038 0.045528
0 0.596478 0.478924 0.032723 0.034146
0 0.584563 0.518761 0.030233 0.032249
0 0.650543 0.496708 0.028455 0.033672
0 0.695181 0.525875 0.033079 0.042682
0 0.655878 0.529024 0.021341 0.027506
0 0.632936 0.549891 0.036636 0.035094
0 0.602169 0.572418 0.027744 0.038414
0 0.598257 0.614389 0.036991 0.037940
0 0.632758 0.590439 0.043394 0.056436
0 0.547749 0.588068 0.020630 0.029878
0 0.515204 0.660532 0.030233 0.043631
0 0.550773 0.654129 0.016006 0.015650
0 0.585096 0.688512 0.027744 0.035094
0 0.662458 0.681398 0.023120 0.040785
0 0.613374 0.720761 0.055843 0.065446
0 0.591677 0.759887 0.029522 0.036517
0 0.545260 0.734277 0.025609 0.035569
0 0.555041 0.706297 0.015295 0.028929
0 0.662992 0.800983 0.023475 0.041260
0 0.632403 0.773714 0.012805 0.019918
0 0.609461 0.870009 0.052286 0.028929
0 0.550773 0.867637 0.033790 0.036517
0 0.603236 0.908186 0.027744 0.030352
0 0.571225 0.929527 0.016362 0.023712
0 0.552018 0.922650 0.017784 0.022290
0 0.550239 0.964384 0.028455 0.029878
0 0.562688 0.988239 0.022764 0.023522
0 0.492618 0.823532 0.016362 0.015650
0 0.494396 0.903443 0.011382 0.018970