0 0.520130 0.378730 0.035230 0.018789
0 0.495469 0.312381 0.023487 0.012918
0 0.484900 0.327647 0.016441 0.015266
0 0.389388 0.334987 0.021138 0.015853
0 0.235551 0.314729 0.023487 0.015266
0 0.241031 0.329702 0.015658 0.011156
0 0.228505 0.388125 0.018789 0.012918
0 0.302879 0.411318 0.048539 0.035817
0 0.612902 0.523173 0.046973 0.037579
0 0.498992 0.548714 0.013309 0.017028
0 0.481377 0.627284 0.036013 0.030533
0 0.374122 0.642844 0.020355 0.011156
0 0.426184 0.635505 0.022704 0.015266
0 0.486857 0.664276 0.014092 0.011743
0 0.466111 0.682771 0.013309 0.009982
0 0.445240 0.751960 0.035832 0.023080
0 0.691217 0.746902 0.053116 0.033197
0 0.657071 0.814719 0.052273 0.037308
0 0.582456 0.808870 0.036254 0.019918
0 0.540933 0.709075 0.105810 0.073667
0 0.515850 0.766869 0.069978 0.032249
0 0.463156 0.791056 0.062390 0.035094
0 0.585196 0.916880 0.050165 0.025293
0 0.666978 0.901230 0.061125 0.021183
0 0.710187 0.881944 0.012647 0.006639
0 0.483180 0.827879 0.056067 0.032565
0 0.596789 0.857125 0.064919 0.041734
0 0.534188 0.867242 0.069556 0.092320
0 0.462524 0.856492 0.019813 0.012647
0 0.492033 0.873723 0.018970 0.015492
0 0.416996 0.462392 0.021499 0.013279
0 0.284167 0.565823 0.016019 0.012963
0 0.462484 0.095734 0.017705 0.011066
0 0.611504 0.103638 0.018970 0.015492
0 0.385129 0.045528 0.020656 0.015176
0 0.443936 0.035094 0.021921 0.011382