0 0.372239 0.080622 0.061547 0.042999
0 0.469196 0.154605 0.087683 0.060704
0 0.402591 0.214928 0.096114 0.082519
0 0.437369 0.295961 0.029930 0.016124
0 0.366337 0.307026 0.083468 0.042050
0 0.328397 0.385737 0.071664 0.045212
0 0.250410 0.533687 0.029509 0.023712
0 0.463716 0.525309 0.120564 0.103702
0 0.360857 0.618830 0.037940 0.023712
0 0.348421 0.679059 0.077988 0.056277
0 0.613875 0.665938 0.112133 0.079358
0 0.401372 0.728475 0.066184 0.045528
0 0.353901 0.879414 0.045949 0.035727
0 0.446011 0.845743 0.075037 0.063233
0 0.535169 0.849695 0.104967 0.081255
0 0.461187 0.934269 0.087683 0.053748
0 0.271698 0.986737 0.074615 0.026526