0 0.306374 0.037527 0.029307 0.022516
0 0.303872 0.414913 0.038600 0.024661
0 0.354623 0.597893 0.027163 0.021444
0 0.334966 0.678309 0.033596 0.027878
0 0.307446 0.701898 0.038600 0.023589
0 0.397155 0.686351 0.035026 0.031094
0 0.362844 0.766465 0.050751 0.032703
0 0.399656 0.849830 0.017155 0.011794
0 0.472924 0.803457 0.016441 0.013403
0 0.383931 0.890306 0.037170 0.026269
0 0.398584 0.914967 0.027878 0.024125
0 0.323172 0.910309 0.028592 0.017155
0 0.355696 0.955342 0.022159 0.023589
0 0.384645 0.942476 0.022874 0.019300
0 0.367490 0.929073 0.025733 0.028950
0 0.393581 0.974106 0.033596 0.032166
0 0.358198 0.995631 0.021444 0.008738
0 0.541903 0.990538 0.027163 0.018924
0 0.420743 0.858843 0.022159 0.017155
0 0.527965 0.882164 0.019300 0.016619
0 0.576929 0.989734 0.028592 0.020532
0 0.954181 0.572511 0.038019 0.030826
0 0.875061 0.480033 0.040074 0.026202