0 0.180947 0.609335 0.059826 0.032196
0 0.288952 0.577310 0.031054 0.018838
0 0.360423 0.692052 0.036991 0.023633
0 0.294432 0.766993 0.036535 0.032881
0 0.330510 0.778467 0.047495 0.026373
0 0.186883 0.733255 0.020551 0.013358
0 0.413399 0.546602 0.034251 0.025003
0 0.443083 0.549685 0.007764 0.007878
0 0.259496 0.583593 0.021464 0.010618
0 0.243056 0.542149 0.040645 0.015413
0 0.291236 0.485635 0.028314 0.023633
0 0.316125 0.622570 0.051605 0.030826
0 0.589407 0.633996 0.045212 0.019866
0 0.591919 0.616871 0.010047 0.005480
0 0.712712 0.550541 0.009590 0.009590
0 0.683484 0.655575 0.039731 0.023291
0 0.768427 0.653006 0.036078 0.018838
0 0.684397 0.817396 0.057999 0.048979
0 0.973614 0.701691 0.026488 0.015071
0 0.862868 0.609678 0.038818 0.021921
0 0.906253 0.563610 0.053432 0.031854
0 0.829302 0.562411 0.029228 0.016441
0 0.720383 0.532784 0.030598 0.018153
0 0.674029 0.536723 0.032881 0.017811
0 0.903969 0.663212 0.018724 0.010960