0 0.524640 0.531327 0.055857 0.055240
0 0.442149 0.426865 0.044760 0.050801
0 0.542396 0.411082 0.055117 0.049815
0 0.360583 0.423659 0.051788 0.055240
0 0.800000 0.442648 0.045869 0.056720
0 0.718249 0.464843 0.068804 0.075462
0 0.725277 0.366692 0.047349 0.062639
0 0.768742 0.368912 0.038841 0.053268
0 0.780764 0.314165 0.027374 0.044390
0 0.869544 0.302574 0.073243 0.104069
0 0.913379 0.418973 0.078052 0.070530
0 0.988779 0.428345 0.022441 0.072503
0 0.350665 0.636136 0.032182 0.044883
0 0.210282 0.577690 0.036252 0.040444
0 0.170846 0.504447 0.019975 0.024168
0 0.096124 0.586814 0.032552 0.036005
0 0.148212 0.537878 0.016276 0.022195