0 0.643250 0.168703 0.030639 0.026903
0 0.575246 0.205134 0.035123 0.022419
0 0.583840 0.276761 0.083698 0.053245
0 0.478097 0.332808 0.032134 0.025221
0 0.450073 0.369520 0.037365 0.038112
0 0.411587 0.491222 0.032134 0.029705
0 0.429896 0.429289 0.056795 0.071741
0 0.540123 0.534746 0.023166 0.022979
0 0.576367 0.570056 0.017935 0.018496
0 0.578609 0.508123 0.070246 0.040354
0 0.780754 0.547164 0.068004 0.059410
0 0.917136 0.735282 0.073235 0.072862
0 0.408598 0.825300 0.032134 0.017375
0 0.133218 0.734783 0.022419 0.010089
0 0.491585 0.816498 0.013911 0.008536
0 0.390412 0.782035 0.018127 0.010433
0 0.372496 0.783300 0.020235 0.014860
0 0.569783 0.901546 0.020235 0.020551