0 0.161040 0.123937 0.020656 0.010117
0 0.257998 0.112081 0.024872 0.018654
0 0.234601 0.076038 0.026136 0.027506
0 0.300785 0.108445 0.018548 0.010750
0 0.358538 0.149546 0.015176 0.010750
0 0.314486 0.140694 0.020656 0.024029
0 0.261159 0.134054 0.012647 0.010750
0 0.229754 0.208872 0.044263 0.027823
0 0.190549 0.203655 0.032460 0.027506
0 0.378351 0.186424 0.014333 0.012014
0 0.264532 0.161244 0.019391 0.009485
0 0.280762 0.087578 0.030773 0.023396
0 0.259262 0.061494 0.032460 0.030668
0 0.437033 0.323674 0.040469 0.038256
0 0.396353 0.299488 0.042577 0.046160
0 0.427337 0.280044 0.014333 0.014860
0 0.484247 0.422140 0.021921 0.014544
0 0.460640 0.425776 0.028666 0.023080
0 0.468017 0.464240 0.017284 0.014227
0 0.511016 0.539853 0.029087 0.022764
0 0.392981 0.585632 0.021499 0.013595
0 0.410054 0.618039 0.000843 0.000000
0 0.567293 0.586942 0.010117 0.008853
0 0.527456 0.597849 0.017284 0.014227
0 0.514599 0.650224 0.017705 0.014860
0 0.521765 0.697491 0.040469 0.031617
0 0.473076 0.670617 0.014754 0.012014
0 0.633056 0.649276 0.008431 0.007904
0 0.540399 0.925575 0.015176 0.013595
0 0.544615 0.939328 0.017705 0.010750
0 0.567590 0.925733 0.000422 0.000000
0 0.514217 0.485156 0.015598 0.010117
0 0.479649 0.446900 0.031617 0.019602
0 0.351833 0.217344 0.015598 0.017389
0 0.351622 0.201220 0.010117 0.012963