0 0.952808 0.384539 0.026903 0.023540
0 0.667596 0.262355 0.023120 0.028024
0 0.749099 0.360999 0.020177 0.032508
0 0.770327 0.393506 0.013031 0.013451
0 0.572674 0.491589 0.024801 0.028024
0 0.321433 0.569469 0.042036 0.039233
0 0.290747 0.604499 0.014292 0.012891
0 0.237151 0.641490 0.019757 0.024100
0 0.348250 0.359037 0.020177 0.022979
0 0.356867 0.338019 0.013872 0.013451
0 0.659314 0.137597 0.021018 0.030826
0 0.165270 0.336364 0.027323 0.022979
0 0.246819 0.291246 0.030686 0.028024
0 0.269729 0.269107 0.013451 0.016254