0 0.278548 0.933321 0.088526 0.053116
0 0.502058 0.859397 0.106232 0.060388
0 0.371376 0.793319 0.056488 0.042050
0 0.483509 0.754178 0.098644 0.074615
0 0.594589 0.757340 0.126045 0.096747
0 0.428707 0.608125 0.082625 0.061968
0 0.362523 0.548641 0.089369 0.066079
0 0.375381 0.477978 0.050165 0.027823
0 0.682483 0.525828 0.139113 0.098644
0 0.494470 0.358907 0.153446 0.119511
0 0.237658 0.375822 0.035411 0.026874
0 0.327495 0.199165 0.086419 0.056910
0 0.374077 0.109551 0.102016 0.052167
0 0.458177 0.093585 0.024872 0.021499
0 0.414546 0.024819 0.113820 0.049638