0 0.196437 0.237554 0.017574 0.011905
0 0.192185 0.219909 0.019275 0.014882
0 0.356591 0.248609 0.020409 0.017008
0 0.457219 0.244144 0.016441 0.009779
0 0.469975 0.228200 0.015874 0.015307
0 0.490667 0.301332 0.025511 0.017008
0 0.182831 0.299206 0.016441 0.015307
0 0.258798 0.328544 0.056125 0.045070
0 0.377567 0.386556 0.022677 0.014031
0 0.461754 0.485904 0.022110 0.015732
0 0.716415 0.483990 0.017574 0.011905
0 0.586875 0.488455 0.019275 0.012330
0 0.582906 0.459117 0.049889 0.038692
0 0.484830 0.557036 0.126990 0.061652
0 0.320707 0.577233 0.016441 0.017008
0 0.376548 0.574469 0.020409 0.014882
0 0.440327 0.605933 0.016441 0.012330
0 0.417650 0.626129 0.014173 0.012756
0 0.529616 0.703514 0.020409 0.011055
0 0.493050 0.659081 0.112817 0.076109
0 0.393839 0.699687 0.040251 0.025511
0 0.531033 0.765292 0.035716 0.022110
0 0.650653 0.704915 0.061794 0.037417
0 0.609551 0.776985 0.049889 0.039542
0 0.615504 0.865896 0.062928 0.023385
0 0.661424 0.845912 0.018708 0.013181
0 0.532734 0.877801 0.048188 0.025936
0 0.542939 0.817424 0.071999 0.044645
0 0.427288 0.780220 0.061794 0.036566
0 0.405745 0.810621 0.022110 0.011480
0 0.440327 0.828904 0.022110 0.019133
0 0.408863 0.741103 0.068030 0.038267
0 0.466121 0.714954 0.078235 0.032739
0 0.480533 0.822101 0.067463 0.106722