0 0.472635 0.013279 0.037097 0.026558
0 0.650109 0.032091 0.042155 0.044579
0 0.609850 0.014702 0.020656 0.010433
0 0.578234 0.029245 0.062812 0.050903
0 0.592356 0.065604 0.032881 0.024345
0 0.662123 0.099276 0.027401 0.035411
0 0.633247 0.101489 0.032881 0.032249
0 0.568960 0.149072 0.049322 0.039521
0 0.489707 0.139745 0.044263 0.034778
0 0.457669 0.107654 0.039205 0.033830
0 0.498771 0.172468 0.026136 0.023080
0 0.513315 0.218248 0.019813 0.011382
0 0.586243 0.187738 0.027401 0.021815
0 0.620178 0.194220 0.037940 0.031617
0 0.680461 0.186315 0.021921 0.016441
0 0.486757 0.283378 0.031617 0.024029
0 0.487178 0.256188 0.020656 0.013911
0 0.374412 0.283378 0.022764 0.017073
0 0.525329 0.122040 0.039626 0.029720
0 0.564955 0.090898 0.069978 0.039521
0 0.604159 0.155712 0.018548 0.014860
0 0.605635 0.127573 0.066184 0.051535
0 0.654324 0.194061 0.015176 0.016124
0 0.690367 0.255239 0.018970 0.020235
0 0.659172 0.229630 0.045106 0.055645
0 0.595518 0.222991 0.045949 0.036675
0 0.554416 0.222516 0.017705 0.014860
0 0.562636 0.240222 0.032460 0.019918
0 0.599733 0.252078 0.019813 0.022132
0 0.576337 0.268360 0.026979 0.024977
0 0.543666 0.265357 0.032460 0.025926
0 0.599312 0.321254 0.033303 0.026242
0 0.580342 0.303549 0.033303 0.028139
0 0.658751 0.313034 0.037518 0.030668
0 0.627556 0.295486 0.056910 0.039837
0 0.631139 0.335215 0.031195 0.025926
0 0.677931 0.368886 0.037097 0.035094
0 0.648001 0.432796 0.016019 0.013911
0 0.623762 0.370195 0.051008 0.042366
0 0.584768 0.370353 0.023607 0.021183
0 0.611958 0.404025 0.026558 0.024661
0 0.527647 0.355968 0.016441 0.013911
0 0.486967 0.337788 0.037940 0.027506
0 0.509310 0.320873 0.018548 0.010750
0 0.420783 0.354229 0.032881 0.024345
0 0.434484 0.442172 0.020656 0.015808
0 0.474321 0.455609 0.035411 0.028771
0 0.501089 0.401703 0.038361 0.055013
0 0.537975 0.520043 0.016019 0.012014
0 0.570435 0.399648 0.051430 0.040153
0 0.561372 0.434110 0.016441 0.014860
0 0.531231 0.432845 0.021921 0.018654
0 0.537975 0.405497 0.014333 0.018338
0 0.578655 0.448066 0.054380 0.053748
0 0.681936 0.488792 0.045949 0.037624
0 0.663599 0.570837 0.037097 0.034778
0 0.528069 0.555977 0.027401 0.028455
0 0.461253 0.534636 0.028666 0.021183
0 0.478536 0.503019 0.016019 0.009169
0 0.465047 0.618830 0.018548 0.015492
0 0.577391 0.639697 0.038361 0.024345
0 0.634301 0.690283 0.044263 0.027506
0 0.588140 0.665622 0.014333 0.019286
0 0.533338 0.627208 0.049743 0.025293
0 0.519216 0.608396 0.026558 0.016124
0 0.570857 0.602547 0.037097 0.018970
0 0.567484 0.575673 0.039626 0.033514
0 0.536500 0.593537 0.042577 0.029403
0 0.568327 0.533055 0.037097 0.033830
0 0.613012 0.546176 0.053959 0.036043
0 0.545142 0.489899 0.019391 0.020235
0 0.618492 0.494799 0.025293 0.016757
0 0.589405 0.500174 0.066606 0.053432
0 0.633879 0.520883 0.016441 0.016441
0 0.675191 0.528787 0.061968 0.025293
0 0.483964 0.679563 0.056910 0.017705
0 0.554785 0.696320 0.025715 0.022764
0 0.579024 0.749959 0.028666 0.019602
0 0.529913 0.723718 0.021499 0.013911
0 0.484175 0.736206 0.037940 0.028139
0 0.401972 0.759128 0.037940 0.017073
0 0.560897 0.772407 0.026136 0.021499
0 0.512840 0.754544 0.012647 0.012330
0 0.517899 0.810663 0.042155 0.029087
0 0.504831 0.859605 0.020235 0.016124
0 0.446656 0.865138 0.017705 0.013911
0 0.409138 0.829095 0.013490 0.008853
0 0.507360 0.893593 0.021078 0.027190
0 0.472582 0.882211 0.016441 0.013911
0 0.445181 0.925100 0.041734 0.025293
0 0.425157 0.958140 0.025293 0.016124
0 0.437804 0.979165 0.021921 0.012647
0 0.426000 0.989124 0.021921 0.015492
0 0.470053 0.968731 0.017284 0.009485
0 0.472793 0.943438 0.027823 0.027190
0 0.459935 0.992586 0.023185 0.014828
0 0.415251 0.859555 0.018127 0.015176
0 0.489444 0.766035 0.021499 0.007904
0 0.445813 0.696952 0.016019 0.008220
0 0.433588 0.667188 0.014333 0.011066
0 0.406398 0.647537 0.013068 0.008853
0 0.675560 0.601959 0.017705 0.016757
0 0.626449 0.645274 0.013911 0.009801
0 0.616332 0.627411 0.015598 0.010117
0 0.625817 0.617135 0.013490 0.009801