0 0.561652 0.922318 0.143033 0.135635
0 0.434238 0.924168 0.121661 0.151664
0 0.466297 0.726264 0.182491 0.138101
0 0.652898 0.737978 0.151254 0.119605
0 0.564940 0.564118 0.202219 0.183724
0 0.403000 0.538841 0.131525 0.128237
0 0.705508 0.471023 0.161118 0.224414
0 0.757296 0.293465 0.057542 0.069051
0 0.466297 0.371147 0.205508 0.143033
0 0.381628 0.263255 0.190711 0.119605
0 0.556720 0.224414 0.162762 0.147965
0 0.704686 0.213317 0.129881 0.101110
0 0.213933 0.271887 0.092067 0.057953
0 0.217222 0.204686 0.092067 0.078915
0 0.256679 0.483970 0.082203 0.141800
0 0.308467 0.729963 0.050966 0.066584
0 0.459721 0.031443 0.156186 0.062885
0 0.689067 0.081998 0.174270 0.149199
0 0.723592 0.892109 0.042746 0.045623
0 0.737567 0.807645 0.037813 0.054254
0 0.336416 0.820592 0.001644 0.001233