0 0.846655 0.031531 0.097234 0.063061
0 0.952814 0.068874 0.042746 0.042628
0 0.669801 0.138277 0.049792 0.035582
0 0.703386 0.155892 0.033351 0.033468
0 0.803204 0.147085 0.046034 0.044742
0 0.788173 0.213669 0.044155 0.039810
0 0.741904 0.195878 0.029593 0.025366
0 0.819410 0.228972 0.023017 0.021843
0 0.677316 0.280936 0.078915 0.055311
0 0.585484 0.247996 0.039927 0.036639
0 0.707849 0.317454 0.038518 0.028536
0 0.710198 0.351506 0.032881 0.025718
0 0.736972 0.340761 0.038518 0.026070
0 0.695871 0.386785 0.045564 0.035230
0 0.632222 0.357545 0.039457 0.040867
0 0.643731 0.402110 0.040867 0.025718
0 0.620949 0.426067 0.030063 0.024309
0 0.698689 0.425010 0.038988 0.026422
0 0.701508 0.449319 0.030533 0.021490
0 0.749185 0.456541 0.044155 0.030298
0 0.672854 0.456293 0.037109 0.024661
0 0.633162 0.465805 0.037579 0.029593
0 0.642556 0.488528 0.086431 0.039810
0 0.567164 0.461930 0.038048 0.023252
0 0.515729 0.501090 0.034760 0.027832
0 0.584544 0.589693 0.034290 0.023252
0 0.613433 0.559043 0.079854 0.065528
0 0.675437 0.547065 0.044155 0.035230
0 0.658527 0.635596 0.031942 0.033116
0 0.586658 0.665718 0.065762 0.029945
0 0.570452 0.690555 0.034290 0.019729
0 0.521600 0.648103 0.040867 0.029241
0 0.530907 0.695240 0.019259 0.013387
0 0.510943 0.684142 0.030063 0.018672
0 0.502253 0.711269 0.032411 0.022899
0 0.512352 0.731526 0.030063 0.024661
0 0.482290 0.779670 0.043215 0.031002
0 0.311344 0.869630 0.057320 0.028327
0 0.390659 0.944446 0.030215 0.021328
0 0.358222 0.881628 0.032881 0.019662
0 0.534761 0.278379 0.021499 0.014544
0 0.503145 0.266365 0.018127 0.012647
0 0.619072 0.258144 0.020656 0.015176
0 0.658780 0.073422 0.033629 0.028024
0 0.821692 0.080989 0.018683 0.020738
0 0.801888 0.070900 0.023914 0.012891
0 0.874376 0.081829 0.022419 0.020177