0 0.273309 0.042560 0.040571 0.050913
0 0.311493 0.025258 0.034008 0.037787
0 0.364445 0.031224 0.025357 0.029036
0 0.403822 0.017501 0.043256 0.035002
0 0.433058 0.006165 0.019391 0.012330
0 0.329094 0.213595 0.032815 0.044549
0 0.352959 0.196691 0.014916 0.015513
0 0.327155 0.283203 0.014618 0.018297
0 0.301649 0.300903 0.014916 0.017899
0 0.484130 0.171831 0.024760 0.023865
0 0.478313 0.124299 0.013126 0.013921
0 0.398961 0.166262 0.060857 0.085915
0 0.449227 0.172428 0.032517 0.040969
0 0.479208 0.202856 0.026849 0.033412
0 0.445797 0.278287 0.032815 0.041367
0 0.498599 0.238371 0.030428 0.055406
0 0.554533 0.300027 0.020584 0.018297
0 0.584663 0.260975 0.032517 0.047874
0 0.534994 0.277410 0.030428 0.036196
0 0.488307 0.308435 0.025954 0.033809
0 0.492931 0.344432 0.027445 0.034207
0 0.496958 0.427887 0.025357 0.034605
0 0.507250 0.507494 0.026252 0.044549
0 0.563781 0.541900 0.024164 0.033014
0 0.559157 0.513460 0.022075 0.027843
0 0.571836 0.478060 0.029533 0.027843
0 0.612314 0.527643 0.029832 0.029434
0 0.631108 0.642396 0.026849 0.039378
0 0.680181 0.601427 0.052802 0.040173
0 0.688534 0.505965 0.029533 0.033014
0 0.633047 0.412971 0.028340 0.035798
0 0.549667 0.412113 0.033412 0.036196
0 0.532365 0.375122 0.031025 0.034605
0 0.566522 0.367763 0.040273 0.054095
0 0.547430 0.334551 0.031323 0.033809
0 0.529144 0.478775 0.013723 0.016308
0 0.651603 0.508606 0.017004 0.018695
0 0.655929 0.684197 0.016109 0.019092
0 0.675767 0.675049 0.011634 0.019092
0 0.689191 0.635273 0.024164 0.031821
0 0.693964 0.724887 0.016407 0.026252
0 0.674723 0.716733 0.022075 0.029832
0 0.720067 0.794295 0.027445 0.035400
0 0.733342 0.718920 0.016407 0.015910
0 0.761384 0.787136 0.021181 0.025059
0 0.767201 0.821343 0.019092 0.028241
0 0.740502 0.854555 0.018197 0.029434
0 0.746319 0.992224 0.023865 0.015552
0 0.650111 0.860745 0.014021 0.033412
0 0.723050 0.755812 0.020286 0.038582