0 0.583308 0.906955 0.051544 0.038324
0 0.384244 0.892458 0.038213 0.027993
0 0.481110 0.952111 0.063985 0.037325
0 0.496662 0.862247 0.023994 0.023328
0 0.511769 0.790378 0.027549 0.018662
0 0.458671 0.706799 0.034214 0.017663
0 0.633963 0.677306 0.041768 0.049322
0 0.541318 0.627833 0.015552 0.014330
0 0.409349 0.507262 0.044878 0.027993
0 0.442008 0.232191 0.056876 0.044990
0 0.296438 0.255539 0.039991 0.025661
0 0.284441 0.228046 0.040879 0.026660
0 0.252448 0.076982 0.028438 0.020662
0 0.276665 0.004999 0.035103 0.009998