0 0.460671 0.106658 0.067406 0.069051
0 0.522323 0.348114 0.144677 0.090012
0 0.506294 0.482179 0.061652 0.088163
0 0.457794 0.452586 0.035347 0.031443
0 0.513692 0.585754 0.058364 0.027744
0 0.545751 0.645249 0.050144 0.041924
0 0.507527 0.657271 0.101932 0.074599
0 0.479167 0.805179 0.025483 0.028360
0 0.582331 0.831073 0.037813 0.025894
0 0.499306 0.751850 0.062474 0.041307
0 0.531366 0.886252 0.054254 0.048705
0 0.425324 0.900123 0.034525 0.023428
0 0.479167 0.943588 0.066584 0.040074
0 0.535476 0.983046 0.105220 0.032676