0 0.382501 0.807512 0.026645 0.031039
0 0.343100 0.756489 0.026078 0.014882
0 0.347636 0.703554 0.072565 0.074833
0 0.468672 0.719711 0.025511 0.024661
0 0.432957 0.595343 0.043653 0.031889
0 0.451665 0.674003 0.027779 0.032739
0 0.288960 0.564537 0.028913 0.024661
0 0.374281 0.504160 0.020409 0.024661
0 0.421902 0.497570 0.029480 0.032739
0 0.419634 0.553695 0.024944 0.021685
0 0.458185 0.508199 0.026078 0.024236
0 0.500420 0.429413 0.043653 0.039542
0 0.557962 0.333832 0.021543 0.020409
0 0.533018 0.312786 0.022677 0.024236
0 0.567883 0.234425 0.037983 0.028488
0 0.576387 0.130533 0.020976 0.018708