0 0.300108 0.394369 0.049358 0.055898
0 0.348252 0.397246 0.029129 0.033703
0 0.452633 0.352035 0.032366 0.040279
0 0.289993 0.227086 0.035603 0.038635
0 0.206650 0.300247 0.029129 0.036991
0 0.160529 0.300247 0.053404 0.055076
0 0.203009 0.397657 0.059068 0.064118
0 0.084873 0.423962 0.099526 0.059186
0 0.015128 0.320797 0.030255 0.038635
0 0.010273 0.382450 0.020546 0.046856
0 0.024028 0.549322 0.048056 0.089601
0 0.086491 0.531648 0.078488 0.083847
0 0.133018 0.705919 0.066350 0.054254
0 0.330046 0.725647 0.038030 0.036169
0 0.457488 0.708796 0.038839 0.032059
0 0.450610 0.662351 0.033175 0.042746
0 0.390328 0.676737 0.084152 0.074805
0 0.350680 0.575216 0.032366 0.029593
0 0.323168 0.537402 0.035603 0.042746
0 0.331664 0.484792 0.050977 0.062474
0 0.424717 0.435060 0.033175 0.033703
0 0.503205 0.411632 0.046122 0.064118
0 0.620532 0.348335 0.070396 0.059186
0 0.376572 0.515208 0.042076 0.041102
0 0.400847 0.568640 0.069587 0.078915
0 0.458297 0.602754 0.051786 0.063296
0 0.469625 0.546034 0.064732 0.048500
0 0.529502 0.581792 0.045313 0.037813
0 0.542449 0.516441 0.076060 0.089601
0 0.622959 0.649199 0.080106 0.095356
0 0.739882 0.653720 0.095480 0.091245
0 0.752828 0.535758 0.095480 0.103576
0 0.685264 0.560419 0.034794 0.060830
0 0.562273 0.391081 0.063923 0.070695
0 0.622959 0.518085 0.131892 0.188245
0 0.814779 0.625360 0.043694 0.039457
0 0.891244 0.593300 0.041267 0.049322
0 0.843099 0.573161 0.045313 0.041924
0 0.896908 0.525483 0.047740 0.063296
0 0.989518 0.525894 0.020963 0.055898
0 0.803451 0.356556 0.080915 0.083847
0 0.920373 0.346691 0.068778 0.097000
0 0.963663 0.459309 0.040458 0.072339
0 0.141969 0.610974 0.081724 0.087957
0 0.078855 0.597000 0.038030 0.045212
0 0.142778 0.546856 0.046122 0.038635
0 0.236640 0.562474 0.086579 0.089601
0 0.245540 0.638101 0.127037 0.132347
0 0.719067 0.431827 0.039880 0.037872
0 0.867315 0.382946 0.031210 0.051083
0 0.735463 0.744760 0.031557 0.036991