0 0.519901 0.275086 0.019623 0.019888
0 0.584868 0.347875 0.039245 0.050117
0 0.613506 0.321027 0.021214 0.017104
0 0.666276 0.330971 0.058868 0.043355
0 0.570549 0.405072 0.018032 0.016308
0 0.694914 0.516562 0.044018 0.023468
0 0.639493 0.577219 0.022274 0.015910
0 0.621992 0.698181 0.021214 0.017104
0 0.596801 0.709716 0.027047 0.023468
0 0.556230 0.726223 0.019092 0.019888
0 0.576913 0.728609 0.023335 0.024661
0 0.429213 0.765682 0.047200 0.035798
0 0.347010 0.710791 0.015380 0.011933
0 0.376709 0.746987 0.076900 0.083529
0 0.558616 0.849409 0.088567 0.047333
0 0.365041 0.891174 0.036594 0.021877
0 0.449631 0.978481 0.028638 0.024661
0 0.539789 0.981067 0.040306 0.025854