0 0.696150 0.181953 0.052694 0.056594
0 0.598139 0.025767 0.088526 0.051534
0 0.506998 0.105757 0.177053 0.127415
0 0.648218 0.103386 0.122251 0.091688
0 0.177428 0.094850 0.072507 0.069556
0 0.168576 0.163458 0.076723 0.056277
0 0.209045 0.329632 0.048057 0.048689
0 0.221270 0.392169 0.070821 0.072402
0 0.303308 0.160182 0.119721 0.108761
0 0.399633 0.147852 0.094007 0.081571
0 0.420289 0.261765 0.194336 0.142907
0 0.365777 0.429210 0.114663 0.107496
0 0.600372 0.489484 0.027401 0.020867
0 0.516694 0.451702 0.208248 0.173575
0 0.666134 0.455496 0.066184 0.029403
0 0.712716 0.452018 0.026979 0.014227
0 0.714192 0.324623 0.039205 0.026874
0 0.685104 0.281150 0.058596 0.055013
0 0.662973 0.371193 0.155132 0.132473
0 0.684894 0.680166 0.031195 0.031933
0 0.644003 0.644439 0.058174 0.038256
0 0.634939 0.605709 0.039205 0.031617
0 0.583931 0.608554 0.074615 0.098644
0 0.430064 0.608238 0.156397 0.125834
0 0.269116 0.601599 0.045949 0.054380
0 0.179957 0.877893 0.048057 0.025293
0 0.191339 0.782095 0.054802 0.030352
0 0.185016 0.952291 0.032881 0.020867
0 0.238132 0.955294 0.080938 0.054064
0 0.519816 0.988318 0.046371 0.023364
0 0.566608 0.975513 0.059861 0.048974
0 0.475763 0.918303 0.040048 0.023080
0 0.388923 0.955911 0.104967 0.088178
0 0.521291 0.787519 0.126888 0.120459
0 0.401781 0.816132 0.115506 0.177685
0 0.668203 0.755492 0.039626 0.036359
0 0.220260 0.586915 0.031707 0.021138
0 0.218205 0.559391 0.039340 0.029505
0 0.702845 0.817994 0.022899 0.016294
0 0.708423 0.779681 0.017615 0.018055