0 0.391510 0.154647 0.029945 0.025542
0 0.541824 0.315225 0.069873 0.048441
0 0.480759 0.356400 0.015853 0.014532
0 0.503659 0.389565 0.068698 0.071781
0 0.514815 0.438447 0.035817 0.019817
0 0.537421 0.467291 0.031707 0.022899
0 0.393272 0.470594 0.031120 0.020698
0 0.404428 0.505163 0.031120 0.021138
0 0.372427 0.526962 0.029358 0.033909
0 0.460209 0.500980 0.081616 0.053285
0 0.462264 0.622874 0.044625 0.038753
0 0.321051 0.647136 0.019376 0.016294
0 0.339253 0.709008 0.033468 0.023780
0 0.489567 0.729485 0.017028 0.015413
0 0.402079 0.732568 0.058129 0.048001
0 0.212425 0.969482 0.020551 0.012771
0 0.176315 0.963757 0.015266 0.012771
0 0.228572 0.983794 0.023487 0.011450
0 0.363033 0.877884 0.012918 0.012771
0 0.387400 0.865114 0.011156 0.011009
0 0.312830 0.783865 0.011156 0.010569