0 0.348164 0.210576 0.081746 0.075010
0 0.377849 0.280620 0.022377 0.021236
0 0.329897 0.287400 0.069873 0.077065
0 0.348849 0.364808 0.035621 0.031854
0 0.333550 0.392209 0.017811 0.011303
0 0.542940 0.376454 0.015527 0.013358
0 0.543168 0.336037 0.025118 0.026373
0 0.589521 0.482665 0.017354 0.015756
0 0.342684 0.516573 0.026031 0.017811
0 0.305693 0.539350 0.025118 0.016783
0 0.346566 0.556990 0.022834 0.016441
0 0.302496 0.567779 0.022377 0.019523
0 0.365746 0.643629 0.036535 0.031511
0 0.348621 0.718110 0.036991 0.027059
0 0.307519 0.969996 0.057085 0.038361