0 0.057131 0.539046 0.053021 0.067406
0 0.472359 0.500411 0.061036 0.085491
0 0.350904 0.353268 0.063502 0.120016
0 0.391903 0.481504 0.067818 0.077271
0 0.295109 0.486848 0.043157 0.069873
0 0.228524 0.492191 0.067818 0.088779
0 0.279079 0.339293 0.044390 0.060830
0 0.068845 0.415331 0.057953 0.058364
0 0.578709 0.319975 0.045623 0.061652
0 0.567612 0.588779 0.043157 0.060008
0 0.538944 0.427661 0.052404 0.076449
0 0.497328 0.354090 0.040691 0.054254
0 0.416564 0.278874 0.051788 0.066584
0 0.114468 0.495479 0.045623 0.070695
0 0.169647 0.487259 0.042540 0.072339
0 0.546342 0.514386 0.047472 0.065762
0 0.520448 0.290793 0.030210 0.049322
0 0.637587 0.379162 0.057337 0.096178
0 0.671496 0.502055 0.064735 0.103576
0 0.834875 0.568640 0.069667 0.082203
0 0.755960 0.413276 0.077065 0.093711
0 0.787402 0.285039 0.058570 0.077271
0 0.687526 0.345458 0.024044 0.033703
0 0.978627 0.370941 0.042746 0.079737
0 0.980785 0.480271 0.038430 0.086313
0 0.352754 0.449034 0.047472 0.073161
0 0.246609 0.402589 0.083231 0.090012
0 0.147195 0.419852 0.032367 0.053021
0 0.438039 0.390259 0.049938 0.082614