0 0.230425 0.438348 0.041615 0.060419
0 0.349260 0.463009 0.075832 0.107275
0 0.398736 0.380395 0.041615 0.075216
0 0.433878 0.298397 0.043465 0.076449
0 0.475956 0.348952 0.049938 0.083847
0 0.481042 0.241060 0.043465 0.075216
0 0.415382 0.083847 0.037916 0.056720
0 0.391338 0.024661 0.036067 0.049322
0 0.453761 0.042540 0.040691 0.085080
0 0.449137 0.546239 0.068434 0.106042
0 0.247534 0.674476 0.031443 0.064118
0 0.247534 0.723181 0.048089 0.035758
0 0.278514 0.857583 0.045314 0.090012
0 0.305795 0.694205 0.055487 0.081381
0 0.370530 0.741677 0.096178 0.102343
0 0.352497 0.657213 0.050863 0.071517
0 0.427404 0.633785 0.134094 0.101110
0 0.487978 0.704686 0.033292 0.057953
0 0.487053 0.840937 0.070284 0.157830
0 0.352497 0.869914 0.060111 0.094945
0 0.421393 0.877312 0.085080 0.131936
0 0.394112 0.974106 0.071208 0.051788
0 0.461159 0.985203 0.035142 0.029593