0 0.531444 0.142485 0.127415 0.104124
0 0.691512 0.257548 0.073069 0.054117
0 0.746085 0.200862 0.094533 0.090081
0 0.786502 0.399504 0.050235 0.051719
0 0.739920 0.329872 0.103210 0.077065
0 0.621639 0.331071 0.143399 0.101384
0 0.323603 0.334324 0.057542 0.057200
0 0.316981 0.390839 0.061652 0.043499
0 0.519749 0.364690 0.080833 0.070215
0 0.535961 0.463436 0.160753 0.125017
0 0.437089 0.382089 0.100014 0.091793
0 0.351004 0.533512 0.040188 0.043499
0 0.358083 0.586259 0.057085 0.064050
0 0.490064 0.610406 0.107321 0.092478
0 0.804355 0.527073 0.037905 0.028771
0 0.777868 0.485116 0.054345 0.053089
0 0.762569 0.641403 0.057542 0.028429
0 0.615288 0.631984 0.152076 0.154816
0 0.705027 0.670003 0.024661 0.019181
0 0.751152 0.584546 0.152532 0.148993
0 0.781521 0.849688 0.033338 0.033566
0 0.746585 0.811841 0.060282 0.032539
0 0.737908 0.778103 0.031054 0.029456
0 0.686531 0.776904 0.071699 0.083231
0 0.545187 0.775706 0.139745 0.110289
0 0.401468 0.765601 0.040645 0.050349
0 0.353744 0.733919 0.027401 0.025346
0 0.359224 0.757039 0.020094 0.022263
0 0.324288 0.934546 0.051605 0.031854
0 0.766129 0.926668 0.032881 0.030484
0 0.634833 0.942698 0.121021 0.114604
0 0.521119 0.941156 0.110061 0.117687