0 0.926910 0.334131 0.067605 0.109273
0 0.968238 0.452972 0.063523 0.064629
0 0.833794 0.339659 0.028700 0.037842
0 0.847506 0.476423 0.047834 0.058251
0 0.821676 0.397976 0.044007 0.052723
0 0.774640 0.396913 0.053893 0.056550
0 0.763319 0.489730 0.073345 0.079510
0 0.543344 0.568390 0.024874 0.036991
0 0.564550 0.545217 0.037310 0.041668
0 0.473606 0.446933 0.043688 0.053149
0 0.579957 0.433327 0.055487 0.053999
0 0.377874 0.659507 0.034759 0.039542
0 0.388079 0.440834 0.055806 0.059101
0 0.259182 0.479951 0.029657 0.041243
0 0.187750 0.518005 0.022003 0.024661
0 0.227771 0.595941 0.036354 0.045070
0 0.164282 0.552512 0.020728 0.016582