0 0.376196 0.028958 0.071741 0.057916
0 0.307693 0.113029 0.032383 0.036244
0 0.282783 0.193364 0.023415 0.021298
0 0.457153 0.328228 0.048325 0.038486
0 0.317408 0.326605 0.038860 0.022045
0 0.434983 0.574055 0.046831 0.028771
0 0.639245 0.721197 0.046831 0.039607
0 0.480070 0.751200 0.031387 0.020177
0 0.599389 0.929455 0.049820 0.034002
0 0.416550 0.916751 0.041849 0.025782
0 0.515443 0.889287 0.025408 0.018683
0 0.529392 0.823899 0.023415 0.019430
0 0.529641 0.939730 0.020924 0.021672
0 0.504482 0.969622 0.067257 0.037365
0 0.504482 0.246492 0.038361 0.029518
0 0.523414 0.751428 0.023415 0.011957
0 0.553804 0.678006 0.016441 0.016067