0 0.904385 0.111290 0.032460 0.032881
0 0.826608 0.080622 0.048900 0.041102
0 0.790776 0.065604 0.041312 0.044579
0 0.831245 0.122830 0.015176 0.014227
0 0.783399 0.121249 0.012225 0.012963
0 0.767380 0.112713 0.010539 0.013595
0 0.639227 0.115242 0.025715 0.021183
0 0.644918 0.174410 0.041312 0.025293
0 0.675692 0.189111 0.029509 0.028771
0 0.711313 0.227051 0.028244 0.022448
0 0.754522 0.244218 0.036254 0.031933
0 0.780870 0.258129 0.018127 0.019286
0 0.566509 0.275410 0.037097 0.028771
0 0.597072 0.283788 0.016441 0.014544
0 0.519256 0.301810 0.016441 0.014544
0 0.489958 0.289953 0.012647 0.010433
0 0.652045 0.305920 0.067870 0.044263
0 0.682186 0.339433 0.033724 0.028455
0 0.733616 0.339325 0.011804 0.014544
0 0.707480 0.361614 0.023607 0.024345
0 0.680922 0.369202 0.028666 0.024977
0 0.610733 0.377783 0.034146 0.024661
0 0.672912 0.402652 0.040469 0.025926
0 0.672280 0.439213 0.029930 0.023396
0 0.620640 0.417556 0.035411 0.019918
0 0.598297 0.438897 0.026136 0.021499
0 0.673123 0.461345 0.022342 0.017705
0 0.714435 0.469615 0.034146 0.028139
0 0.644668 0.468982 0.029509 0.021183
0 0.609679 0.478151 0.028666 0.022448
0 0.637080 0.496963 0.046371 0.038572
0 0.596189 0.501231 0.037097 0.030036
0 0.547921 0.473567 0.027401 0.018970
0 0.499443 0.510558 0.037518 0.025293
0 0.519888 0.563135 0.027823 0.017705
0 0.535696 0.548592 0.018127 0.015176
0 0.569210 0.544165 0.026979 0.020235
0 0.564151 0.591590 0.032881 0.020867
0 0.593449 0.570881 0.062812 0.046476
0 0.632232 0.635947 0.023185 0.029087
0 0.564151 0.666299 0.059018 0.027823
0 0.503448 0.649226 0.033724 0.021499
0 0.547711 0.690427 0.022764 0.018338
0 0.510614 0.696117 0.010960 0.010750
0 0.493752 0.685052 0.016019 0.009485
0 0.485321 0.711452 0.030352 0.016124
0 0.494806 0.729315 0.022342 0.017705
0 0.465718 0.774887 0.031617 0.025609