0 0.533428 0.159208 0.069631 0.057300
0 0.487975 0.236455 0.029013 0.017408
0 0.652864 0.417785 0.037717 0.030463
0 0.652381 0.315877 0.071565 0.047146
0 0.513603 0.308261 0.070598 0.056575
0 0.611763 0.205368 0.046421 0.052948
0 0.695417 0.481352 0.058993 0.055124
0 0.608378 0.515080 0.043519 0.042794
0 0.540198 0.486067 0.036750 0.050047
0 0.548902 0.535026 0.036750 0.039167
0 0.584201 0.589641 0.022243 0.027562
0 0.595806 0.667613 0.029980 0.019584
0 0.559056 0.690098 0.022243 0.013781
0 0.725880 0.715234 0.019342 0.016682