0 0.533543 0.042208 0.040469 0.040785
0 0.493706 0.078251 0.041734 0.047741
0 0.555674 0.081729 0.023185 0.025609
0 0.451550 0.083784 0.016441 0.016441
0 0.402228 0.051061 0.015598 0.012963
0 0.384312 0.041576 0.012647 0.009169
0 0.504666 0.113187 0.032460 0.026558
0 0.446702 0.154807 0.025293 0.020867
0 0.391057 0.162079 0.038783 0.029720
0 0.474736 0.149749 0.014754 0.012014
0 0.460614 0.174884 0.015176 0.011066
0 0.529959 0.201758 0.019813 0.013595
0 0.518788 0.158127 0.037097 0.031300
0 0.554620 0.131569 0.042155 0.042682
0 0.594036 0.150065 0.044263 0.049322
0 0.568953 0.189111 0.054802 0.072402
0 0.500872 0.210705 0.042577 0.029403
0 0.434477 0.242005 0.043842 0.045844
0 0.629446 0.251648 0.029930 0.034146
0 0.590452 0.266873 0.031195 0.033197
0 0.551037 0.285053 0.038361 0.039837
0 0.518156 0.306236 0.040048 0.015808
0 0.444595 0.320399 0.056488 0.037624
0 0.552512 0.342215 0.032881 0.023712
0 0.587712 0.350119 0.036675 0.023712
0 0.578438 0.367982 0.022342 0.018338
0 0.608158 0.388266 0.021078 0.022448
0 0.588345 0.403600 0.013490 0.015176
0 0.558203 0.410872 0.052694 0.039205
0 0.569585 0.440750 0.029930 0.016757
0 0.497078 0.420515 0.014754 0.009801
0 0.443752 0.462138 0.032881 0.029181
0 0.623966 0.422980 0.041734 0.038572
0 0.620804 0.477677 0.049743 0.027823
0 0.580546 0.514668 0.015598 0.012014
0 0.549140 0.505341 0.047214 0.033830
0 0.480848 0.519411 0.031195 0.023396
0 0.494970 0.556496 0.017284 0.009485
0 0.469045 0.490956 0.041312 0.029720
0 0.453447 0.376993 0.043842 0.033830
0 0.466094 0.348222 0.023607 0.012963
0 0.595933 0.549066 0.035411 0.029403
0 0.563051 0.539897 0.025293 0.020551
0 0.652632 0.553966 0.013068 0.015176
0 0.629235 0.552386 0.015176 0.013279
0 0.666121 0.614354 0.018127 0.016441
0 0.635137 0.583686 0.042999 0.044263
0 0.548929 0.478151 0.117614 0.079358
0 0.523636 0.601327 0.034146 0.023080
0 0.468623 0.612709 0.026979 0.019286
0 0.468202 0.591842 0.013490 0.012330
0 0.444805 0.539947 0.013911 0.013279
0 0.359651 0.611400 0.017284 0.011382
0 0.405390 0.675201 0.026136 0.021183
0 0.469677 0.657654 0.032460 0.021499
0 0.482324 0.715670 0.029087 0.045844
0 0.457241 0.760299 0.031195 0.025293
0 0.417615 0.748127 0.022764 0.016757
0 0.587501 0.725407 0.022764 0.020235
0 0.651367 0.705805 0.033303 0.028455
0 0.597408 0.697269 0.052694 0.037308
0 0.577806 0.654967 0.027823 0.023080
0 0.558836 0.638210 0.025293 0.023080
0 0.555253 0.607384 0.024872 0.018970
0 0.607314 0.668246 0.023607 0.019918
0 0.612795 0.640739 0.080938 0.055961
0 0.578438 0.596698 0.019813 0.017389
0 0.543238 0.581680 0.025293 0.018970
0 0.572536 0.572670 0.049322 0.033197
0 0.563262 0.693855 0.019813 0.017389
0 0.552091 0.717884 0.046371 0.038888
0 0.511411 0.744377 0.017284 0.012647
0 0.557150 0.762715 0.056488 0.042999
0 0.622701 0.757656 0.015598 0.018970
0 0.661063 0.810456 0.035832 0.029720
0 0.649048 0.842957 0.049743 0.024977
0 0.592349 0.804859 0.015598 0.016441
0 0.562419 0.804384 0.082203 0.032565
0 0.596565 0.843115 0.048479 0.043631
0 0.547665 0.833630 0.029930 0.026558
0 0.508882 0.849912 0.027401 0.023080
0 0.642093 0.877834 0.041734 0.035094
0 0.531224 0.876727 0.065341 0.042999
0 0.508671 0.903759 0.038783 0.035094
0 0.612373 0.976477 0.039626 0.031933
0 0.535018 0.971577 0.025715 0.017073
0 0.466305 0.955768 0.054380 0.020235
0 0.463565 0.995589 0.029509 0.008821
0 0.533121 0.942964 0.000000 0.000316
0 0.447967 0.899017 0.017705 0.016124