0 0.459026 0.569395 0.040588 0.049322
0 0.418438 0.530349 0.047781 0.068503
0 0.567174 0.512196 0.036991 0.041787
0 0.705892 0.540967 0.054460 0.069188
0 0.779875 0.497810 0.029799 0.056857
0 0.567945 0.555695 0.022092 0.031511
0 0.464934 0.529664 0.015413 0.026031
0 0.322620 0.555352 0.057542 0.134950
0 0.266619 0.514593 0.017468 0.026031
0 0.265335 0.566655 0.052918 0.067132
0 0.220380 0.621115 0.036991 0.074668
0 0.201371 0.512881 0.027744 0.032196
0 0.882741 0.504318 0.030312 0.038361
0 0.975408 0.568368 0.049184 0.176052
0 0.152675 0.699208 0.024147 0.030826
0 0.078179 0.685507 0.061139 0.078778
0 0.031426 0.626595 0.025175 0.037676
0 0.020465 0.692015 0.040930 0.079463