0 0.506833 0.457650 0.034146 0.035094
0 0.557736 0.446979 0.032249 0.026084
0 0.370250 0.515271 0.041734 0.020393
0 0.430637 0.655322 0.020867 0.017547
0 0.435064 0.611929 0.018338 0.017073
0 0.485650 0.614774 0.058807 0.048373
0 0.591249 0.727645 0.056277 0.047425
0 0.549199 0.927393 0.084732 0.046002
0 0.544141 0.894907 0.022764 0.012330
0 0.122119 0.885184 0.021499 0.020393
0 0.172705 0.947074 0.024029 0.021815
0 0.056357 0.749950 0.022764 0.021815
0 0.430380 0.485979 0.082835 0.039837
0 0.811923 0.420532 0.022132 0.026558
0 0.737308 0.410810 0.025926 0.022290
0 0.710750 0.472700 0.025926 0.018021
0 0.799662 0.665393 0.024661 0.015176