0 0.297781 0.829223 0.092067 0.067818
0 0.503288 0.765721 0.098644 0.076449
0 0.390670 0.707152 0.054254 0.043157
0 0.486848 0.669544 0.092067 0.083847
0 0.583847 0.674476 0.105220 0.091245
0 0.441636 0.540074 0.073983 0.049322
0 0.390670 0.483354 0.093711 0.066584
0 0.405467 0.426634 0.054254 0.029593
0 0.670982 0.475956 0.124949 0.091245
0 0.509042 0.321825 0.143033 0.103576
0 0.282984 0.330456 0.046034 0.032059
0 0.367653 0.177559 0.080559 0.056720
0 0.407111 0.101110 0.090423 0.054254
0 0.444924 0.023428 0.126593 0.046856
0 0.222894 0.581537 0.035870 0.027463