0 0.716544 0.435250 0.082121 0.095191
0 0.515976 0.507506 0.025154 0.031566
0 0.568133 0.454732 0.022935 0.035512
0 0.577011 0.422673 0.017756 0.022688
0 0.607714 0.435496 0.011837 0.020715
0 0.531327 0.404424 0.058076 0.055240
0 0.520969 0.454239 0.030703 0.043403
0 0.459009 0.439195 0.047349 0.071517
0 0.370120 0.445607 0.058076 0.106042
0 0.241130 0.418973 0.022195 0.030086
0 0.203768 0.452019 0.030333 0.034032
0 0.077004 0.491723 0.021825 0.027620
0 0.055919 0.473227 0.023305 0.031073
0 0.014303 0.509479 0.022935 0.051295
0 0.008816 0.470022 0.017632 0.024661
0 0.116584 0.510959 0.000370 0.000000