0 0.265109 0.098281 0.036599 0.045695
0 0.433463 0.088852 0.057893 0.068905
0 0.435792 0.034815 0.033272 0.034815
0 0.520302 0.043157 0.061220 0.071807
0 0.574535 0.050772 0.041922 0.055124
0 0.608805 0.015594 0.039926 0.031188
0 0.768841 0.011605 0.040591 0.023210
0 0.596161 0.148328 0.087837 0.095017
0 0.676013 0.114238 0.129094 0.119678
0 0.662372 0.187858 0.048577 0.055124
0 0.648398 0.260390 0.083179 0.097193
0 0.587844 0.270182 0.039260 0.047146
0 0.740227 0.258577 0.064547 0.079060
0 0.631429 0.341626 0.042588 0.055124
0 0.571873 0.334736 0.083179 0.086313
0 0.524627 0.351781 0.028614 0.039167
0 0.691984 0.400740 0.039926 0.041343
0 0.511652 0.410169 0.031941 0.047146
0 0.464739 0.344890 0.059223 0.118227
0 0.437789 0.207079 0.057227 0.061652
0 0.343630 0.254225 0.060554 0.060202
0 0.338639 0.197650 0.045249 0.042794
0 0.471060 0.170450 0.029279 0.033365
0 0.483371 0.251686 0.057893 0.050772
0 0.368584 0.435771 0.033272 0.047146
0 0.428140 0.466234 0.055231 0.067455
0 0.582853 0.439137 0.089168 0.118227
0 0.747880 0.516383 0.079852 0.082687
0 0.644073 0.532703 0.038595 0.048597
0 0.427142 0.599908 0.065212 0.097918
0 0.511652 0.661561 0.049242 0.067455
0 0.525958 0.589754 0.027283 0.028288
0 0.535607 0.528827 0.035933 0.031189
0 0.504665 0.532816 0.024621 0.029013
0 0.735237 0.599183 0.090499 0.063103
0 0.719599 0.691662 0.068540 0.063828
0 0.651060 0.623481 0.072532 0.095742
0 0.591836 0.542608 0.092495 0.093566
0 0.579193 0.618767 0.072532 0.073257
0 0.571208 0.702541 0.057893 0.072532
0 0.568546 0.752588 0.043253 0.040618
0 0.523297 0.733730 0.060554 0.063828
0 0.501005 0.764556 0.047911 0.026837
0 0.518306 0.803724 0.070536 0.063103
0 0.583185 0.840647 0.067209 0.089940
0 0.663037 0.917531 0.067209 0.062378
0 0.426144 0.789149 0.032606 0.040618
0 0.377234 0.733662 0.023956 0.022485
0 0.472724 0.902662 0.048577 0.047146
0 0.431467 0.908102 0.040591 0.043519
0 0.551245 0.928048 0.044584 0.042794
0 0.453759 0.987053 0.058558 0.025894
0 0.342193 0.853884 0.030543 0.030826
0 0.382352 0.882861 0.027150 0.032059
0 0.397058 0.937731 0.027150 0.030826