0 0.299150 0.031914 0.049805 0.045695
0 0.466215 0.135272 0.025144 0.023936
0 0.516746 0.110793 0.017891 0.016320
0 0.534395 0.195111 0.039651 0.034815
0 0.466699 0.203271 0.031914 0.025024
0 0.332998 0.182237 0.037233 0.034453
0 0.562925 0.343473 0.036750 0.036629
0 0.522790 0.362150 0.045453 0.037717
0 0.478787 0.360700 0.013539 0.018858
0 0.419553 0.417745 0.040134 0.026837
0 0.472985 0.416476 0.024177 0.022122
0 0.532945 0.392178 0.028046 0.019221
0 0.487975 0.434790 0.014506 0.013056
0 0.499096 0.416295 0.015474 0.012330
0 0.544550 0.432433 0.038684 0.027925
0 0.585168 0.377309 0.025144 0.018496
0 0.578398 0.415569 0.034815 0.029738
0 0.615873 0.434972 0.036266 0.039530
0 0.591454 0.460720 0.051256 0.060564
0 0.554704 0.466160 0.020309 0.017045
0 0.526175 0.472688 0.044486 0.027925
0 0.462105 0.487795 0.044970 0.038805
0 0.574530 0.539163 0.042552 0.033727
0 0.650688 0.528464 0.031431 0.031914
0 0.609587 0.530640 0.028529 0.028288
0 0.470567 0.559404 0.048355 0.034815
0 0.540681 0.553057 0.029013 0.020672
0 0.574530 0.587510 0.032881 0.021397
0 0.601125 0.613259 0.022243 0.017045
0 0.610312 0.598027 0.033848 0.022122
0 0.641501 0.665408 0.047871 0.032639
0 0.628445 0.632406 0.019825 0.016682
0 0.608136 0.642742 0.014990 0.014869
0 0.580091 0.644737 0.056575 0.037717
0 0.591454 0.672662 0.034815 0.021760
0 0.523516 0.647819 0.021760 0.014144
0 0.478304 0.607201 0.041585 0.032277
0 0.467182 0.680685 0.034815 0.027472
0 0.494019 0.709653 0.045937 0.026112
0 0.500789 0.736308 0.028529 0.022122
0 0.487491 0.816745 0.028046 0.016682
0 0.488700 0.798068 0.014990 0.011242
0 0.384496 0.817289 0.014506 0.010517
0 0.488700 0.856332 0.028529 0.018496
0 0.428015 0.875916 0.028046 0.017045
0 0.436961 0.937749 0.025628 0.013781
0 0.474919 0.950352 0.029980 0.024298
0 0.502481 0.906651 0.029980 0.038442
0 0.586618 0.987778 0.064795 0.024443
0 0.662294 0.996301 0.025628 0.007398
0 0.640292 0.958149 0.017408 0.013781
0 0.665437 0.909552 0.032881 0.023936
0 0.526417 0.935845 0.018858 0.015594
0 0.567760 0.914448 0.045453 0.033727
0 0.603301 0.924240 0.024661 0.018496
0 0.574046 0.954885 0.054157 0.038442
0 0.611038 0.899160 0.051740 0.036991
0 0.633764 0.852739 0.074950 0.050772
0 0.585410 0.851470 0.048838 0.038079
0 0.542616 0.809345 0.029013 0.018858
0 0.651897 0.796652 0.034815 0.025386
0 0.591696 0.788129 0.035299 0.025024
0 0.585410 0.758028 0.024661 0.022848
0 0.615148 0.765826 0.035783 0.028288
0 0.567277 0.725338 0.044486 0.030463
0 0.639325 0.710469 0.047388 0.029738
0 0.572112 0.703216 0.118953 0.071081