0 0.408183 0.034620 0.053959 0.046476
0 0.248414 0.029720 0.038783 0.024661
0 0.383100 0.327468 0.046793 0.034462
0 0.521370 0.456336 0.021499 0.020551
0 0.616095 0.516501 0.048900 0.030668
0 0.614619 0.491524 0.029087 0.016124
0 0.489207 0.548434 0.023607 0.015492
0 0.441150 0.547959 0.036254 0.021499
0 0.498692 0.640690 0.035832 0.026558
0 0.372226 0.752187 0.042577 0.030984
0 0.483305 0.722720 0.029509 0.021183
0 0.580052 0.766825 0.056910 0.037940
0 0.499535 0.782253 0.025715 0.021183
0 0.444311 0.802804 0.026558 0.012330
0 0.474874 0.819244 0.074194 0.042682
0 0.401102 0.931898 0.016019 0.012963
0 0.446841 0.943122 0.017284 0.016441
0 0.480354 0.934902 0.028666 0.015808
0 0.461806 0.951500 0.026979 0.011698
0 0.458012 0.985014 0.021078 0.011698
0 0.420704 0.985172 0.001265 0.000000