0 0.388652 0.124509 0.030141 0.024318
0 0.545979 0.294325 0.071699 0.051377
0 0.481815 0.332617 0.021921 0.018838
0 0.496201 0.315492 0.007764 0.007878
0 0.556027 0.360018 0.019637 0.020893
0 0.533877 0.380227 0.020094 0.019523
0 0.500539 0.364471 0.057542 0.064050
0 0.518122 0.420012 0.030598 0.020551
0 0.542783 0.450666 0.038818 0.025688
0 0.393219 0.452481 0.027401 0.018838
0 0.404408 0.487074 0.033338 0.022948
0 0.372440 0.508995 0.029684 0.035964
0 0.463320 0.483821 0.079006 0.055487
0 0.465603 0.607232 0.045212 0.039046
0 0.320378 0.632407 0.019637 0.014043
0 0.340700 0.696778 0.034708 0.025688
0 0.403266 0.720240 0.050235 0.048637
0 0.494603 0.717671 0.021007 0.012673
0 0.389337 0.857652 0.014157 0.009590
0 0.366046 0.870496 0.017811 0.013358
0 0.210267 0.963317 0.018267 0.011303
0 0.259361 0.944821 0.021464 0.011303
0 0.304572 0.996130 0.052519 0.007740
0 0.175102 0.956980 0.012787 0.008905