0 0.302261 0.823719 0.075744 0.045358
0 0.513053 0.757222 0.087488 0.058570
0 0.396795 0.698955 0.052258 0.039193
0 0.497787 0.662404 0.086313 0.062093
0 0.595256 0.665707 0.109800 0.086313
0 0.448465 0.526859 0.068698 0.049322
0 0.218590 0.567373 0.025835 0.026422
0 0.390630 0.471151 0.084552 0.059450
0 0.683625 0.459131 0.124479 0.082350
0 0.405309 0.407758 0.045799 0.025982
0 0.281123 0.313016 0.036991 0.025542
0 0.516576 0.301869 0.143855 0.095121
0 0.369198 0.156112 0.080442 0.052404
0 0.492209 0.064955 0.024661 0.019817
0 0.414116 0.074203 0.089249 0.046239
0 0.453163 0.011230 0.086313 0.022459