0 0.309803 0.072441 0.095047 0.074753
0 0.417694 0.254677 0.016954 0.014642
0 0.632193 0.298604 0.033909 0.023120
0 0.633477 0.333669 0.062166 0.042386
0 0.470099 0.384339 0.025175 0.021193
0 0.400997 0.382991 0.041102 0.030055
0 0.475750 0.510438 0.033395 0.032753
0 0.458539 0.620701 0.039046 0.029285
0 0.317509 0.657885 0.054973 0.037377
0 0.577219 0.675996 0.070900 0.048166
0 0.478062 0.699808 0.032881 0.024661
0 0.451089 0.708477 0.015927 0.011174
0 0.408446 0.727936 0.037505 0.012330
0 0.445952 0.749322 0.090937 0.054331
0 0.614468 0.852319 0.029285 0.025046
0 0.355785 0.887215 0.016441 0.017340
0 0.454429 0.894151 0.028771 0.014257
0 0.410245 0.902435 0.023633 0.014642
0 0.433621 0.914958 0.028257 0.015798
0 0.428740 0.954262 0.020551 0.014257
0 0.373767 0.968711 0.030826 0.019266
0 0.632193 0.939619 0.015413 0.014257