0 0.527200 0.508483 0.056910 0.070189
0 0.446933 0.487774 0.055250 0.055961
0 0.406859 0.366589 0.056198 0.109709
0 0.631701 0.335620 0.035806 0.050903
0 0.575621 0.306216 0.018021 0.024977
0 0.839804 0.299577 0.051456 0.050270
0 0.722720 0.510271 0.051693 0.077144
0 0.621257 0.594890 0.039125 0.045528
0 0.597426 0.524449 0.029878 0.040153
0 0.693198 0.387248 0.039125 0.049006
0 0.351409 0.496469 0.036754 0.053116
0 0.285015 0.507377 0.059044 0.078725
0 0.334218 0.358794 0.027032 0.040153
0 0.288216 0.409854 0.043157 0.059439
0 0.327934 0.416494 0.039125 0.060704
0 0.115045 0.545904 0.052404 0.060704
0 0.037861 0.426394 0.041734 0.056277
0 0.883090 0.577249 0.057147 0.049638
0 0.472827 0.294687 0.044137 0.047080
0 0.595150 0.437609 0.042456 0.060531
0 0.552274 0.364747 0.039093 0.048201
0 0.811089 0.430970 0.060531 0.071180
0 0.871200 0.403787 0.052124 0.058289
0 0.172837 0.511766 0.035730 0.044278