0 0.255265 0.678544 0.068622 0.046105
0 0.418241 0.623057 0.075770 0.055219
0 0.405732 0.549074 0.065048 0.055219
0 0.483647 0.549610 0.080773 0.062724
0 0.327103 0.576951 0.042174 0.034847
0 0.367133 0.445069 0.062188 0.043425
0 0.183069 0.472947 0.027163 0.019836
0 0.495798 0.906825 0.109366 0.080952
0 0.545120 0.392288 0.097929 0.067549
0 0.318883 0.400061 0.062903 0.046641
0 0.328890 0.352616 0.034311 0.024661
0 0.230604 0.277025 0.027878 0.019300
0 0.414667 0.272661 0.110081 0.075591
0 0.297796 0.155739 0.063618 0.048786
0 0.329248 0.098108 0.075055 0.041816
0 0.387862 0.089262 0.022159 0.015547
0 0.351764 0.027609 0.087207 0.055218
0 0.245615 0.009650 0.019300 0.019300