0 0.178938 0.028184 0.020147 0.050203
0 0.364261 0.041615 0.083231 0.083230
0 0.432629 0.084332 0.036331 0.058570
0 0.461198 0.023560 0.034019 0.047120
0 0.510410 0.036331 0.034019 0.059450
0 0.538814 0.108552 0.018826 0.045358
0 0.423546 0.184516 0.065065 0.095121
0 0.523951 0.201313 0.017505 0.022459
0 0.223066 0.158225 0.043927 0.051964
0 0.508263 0.360198 0.038973 0.049322
0 0.527089 0.478287 0.036331 0.058570
0 0.531383 0.532453 0.028404 0.036551
0 0.210516 0.360198 0.034019 0.036991
0 0.198259 0.442107 0.019817 0.022019
0 0.185874 0.415465 0.014863 0.016294
0 0.202718 0.417446 0.012881 0.013211
0 0.184718 0.535074 0.009248 0.021578
0 0.312866 0.971200 0.090497 0.057600
0 0.453070 0.877444 0.098093 0.102607
0 0.491218 0.777782 0.048881 0.050643
0 0.522099 0.761488 0.010239 0.013652
0 0.261838 0.561868 0.058460 0.062093
0 0.248627 0.484954 0.067047 0.087634
0 0.400225 0.506753 0.156883 0.177030
0 0.390317 0.697352 0.152259 0.200370
0 0.379748 0.968161 0.016184 0.016294
0 0.368519 0.267437 0.211710 0.239563
0 0.175965 0.272282 0.011560 0.022019
0 0.550657 0.201397 0.010618 0.018267