0 0.622075 0.024345 0.042577 0.044896
0 0.634301 0.157609 0.018127 0.014227
0 0.483595 0.130418 0.037097 0.028139
0 0.539451 0.163300 0.051008 0.061652
0 0.553784 0.219355 0.026558 0.014227
0 0.443547 0.219671 0.012647 0.007904
0 0.543034 0.300752 0.081781 0.036675
0 0.543877 0.256805 0.088526 0.050586
0 0.614909 0.269452 0.035832 0.029720
0 0.504040 0.329840 0.018970 0.011382
0 0.399495 0.349062 0.041734 0.021815
0 0.518373 0.370087 0.049322 0.031617
0 0.478958 0.345900 0.017705 0.011698
0 0.470105 0.377358 0.052273 0.066395
0 0.404132 0.413495 0.029930 0.017705
0 0.369143 0.419028 0.018127 0.009801
0 0.322983 0.434362 0.013490 0.009485
0 0.288415 0.422348 0.010960 0.015176
0 0.336262 0.454439 0.017284 0.011698
0 0.418465 0.493801 0.018127 0.015808
0 0.390642 0.487478 0.024029 0.017073
0 0.382000 0.467401 0.032881 0.020551
0 0.334576 0.478941 0.040048 0.022764
0 0.345325 0.584951 0.012647 0.012647
0 0.402024 0.626843 0.032460 0.019918
0 0.407294 0.594594 0.011804 0.009169
0 0.392961 0.539581 0.009274 0.007272
0 0.313287 0.516027 0.010960 0.006323
0 0.351438 0.675992 0.023185 0.022764
0 0.346168 0.694645 0.012647 0.008220
0 0.345536 0.726198 0.030773 0.022448
0 0.382000 0.720191 0.040469 0.036359
0 0.365138 0.756233 0.032038 0.019918
0 0.405818 0.774413 0.013911 0.008853
0 0.403710 0.760502 0.022342 0.010750
0 0.412563 0.814126 0.019813 0.016441
0 0.378839 0.808435 0.045106 0.023396
0 0.300219 0.833096 0.021078 0.010750
0 0.263504 0.826931 0.010539 0.006007
0 0.253387 0.869929 0.012225 0.007272
0 0.332218 0.875146 0.028244 0.018338
0 0.376902 0.877043 0.021499 0.014544
0 0.419058 0.912454 0.015598 0.012014
0 0.353717 0.900598 0.023185 0.018654
0 0.301866 0.907711 0.015598 0.011382
0 0.309454 0.887319 0.017284 0.009801
0 0.366153 0.981378 0.029509 0.015808
0 0.348447 0.406129 0.013490 0.009485
0 0.373741 0.609389 0.040469 0.037940
0 0.478286 0.537590 0.059861 0.047741
0 0.496624 0.477469 0.094007 0.030984
0 0.452782 0.424670 0.040048 0.029720
0 0.517491 0.428464 0.116349 0.065762
0 0.353333 0.516706 0.011957 0.006352