0 0.615126 0.025293 0.044263 0.039837
0 0.570442 0.058649 0.045949 0.049006
0 0.633886 0.062917 0.026979 0.025293
0 0.527022 0.065130 0.016441 0.014544
0 0.581613 0.095008 0.029509 0.026242
0 0.515640 0.138006 0.033303 0.022448
0 0.457465 0.144330 0.046793 0.033197
0 0.592573 0.142591 0.048057 0.036043
0 0.670982 0.132315 0.042999 0.050903
0 0.628616 0.112397 0.046793 0.042682
0 0.641052 0.170887 0.046371 0.076828
0 0.599950 0.183534 0.018970 0.018654
0 0.570652 0.193809 0.042155 0.030984
0 0.499199 0.221948 0.046793 0.047425
0 0.699226 0.233360 0.029509 0.039521
0 0.655385 0.247745 0.031195 0.033514
0 0.613440 0.264976 0.042577 0.040153
0 0.582667 0.287108 0.040891 0.019286
0 0.510370 0.298016 0.053959 0.042366
0 0.528076 0.326312 0.023607 0.017389
0 0.517537 0.357662 0.043842 0.036675
0 0.653066 0.330630 0.024872 0.019918
0 0.641263 0.348335 0.017284 0.016757
0 0.617445 0.323674 0.035411 0.026242
0 0.668453 0.367350 0.022764 0.022764
0 0.648429 0.384423 0.018970 0.016441
0 0.615970 0.391220 0.058596 0.037624
0 0.630935 0.421888 0.037097 0.020551
0 0.685104 0.402286 0.048479 0.040153
0 0.677938 0.457823 0.050165 0.031933
0 0.601847 0.485739 0.046371 0.040153
0 0.635783 0.496172 0.018970 0.012330
0 0.708079 0.534112 0.014333 0.014860
0 0.681310 0.533638 0.019813 0.013911
0 0.716932 0.592761 0.020235 0.018338
0 0.684472 0.564622 0.043842 0.045528
0 0.617445 0.521782 0.028666 0.023712
0 0.648218 0.527473 0.032881 0.033830
0 0.624822 0.551501 0.045949 0.032565
0 0.626719 0.576320 0.016019 0.018338
0 0.589201 0.548498 0.022764 0.013279
0 0.592995 0.564464 0.022764 0.011698
0 0.604377 0.588651 0.026979 0.018970
0 0.572971 0.582169 0.031617 0.026242
0 0.534610 0.500283 0.028244 0.021183
0 0.498145 0.439687 0.035411 0.033197
0 0.525546 0.471304 0.053116 0.028771
0 0.555055 0.402177 0.022764 0.012963
0 0.517958 0.593537 0.033724 0.023080
0 0.518169 0.570298 0.020656 0.013279
0 0.410040 0.591482 0.016862 0.018338
0 0.450510 0.653608 0.031195 0.021815
0 0.515429 0.637800 0.032881 0.021815
0 0.459573 0.729473 0.023185 0.016124
0 0.498145 0.741961 0.032881 0.026558
0 0.494984 0.937115 0.051851 0.016441
0 0.564751 0.956085 0.028666 0.020235
0 0.641263 0.956559 0.039205 0.031300
0 0.494773 0.985946 0.041312 0.028107
0 0.547678 0.887002 0.046793 0.038888
0 0.568545 0.860445 0.063233 0.044579
0 0.544938 0.830567 0.020235 0.022132
0 0.478754 0.806380 0.026979 0.033830
0 0.480229 0.881311 0.018127 0.015492
0 0.584142 0.813336 0.033724 0.025609
0 0.677516 0.858923 0.036675 0.034146
0 0.690795 0.823512 0.051430 0.027190
0 0.700280 0.789525 0.044263 0.038256
0 0.667821 0.737673 0.019813 0.013595
0 0.599740 0.787470 0.054802 0.043631
0 0.635150 0.785098 0.029509 0.023712
0 0.638101 0.831733 0.032038 0.036043
0 0.600161 0.743113 0.052273 0.046793
0 0.632832 0.707544 0.026558 0.024345
0 0.592152 0.699166 0.053116 0.039205
0 0.644003 0.679089 0.050586 0.038888
0 0.700070 0.686045 0.035411 0.026874
0 0.610279 0.673240 0.028666 0.017073
0 0.654542 0.650066 0.021078 0.022132
0 0.625665 0.636155 0.030773 0.024661
0 0.606063 0.618133 0.035411 0.023396
0 0.664237 0.623192 0.080938 0.055013
0 0.562643 0.461918 0.027823 0.028139
0 0.612176 0.458914 0.097379 0.080938