0 0.212855 0.415536 0.036067 0.056720
0 0.201757 0.370530 0.012022 0.011097
0 0.395716 0.057300 0.041887 0.050772
0 0.461267 0.213607 0.039167 0.055850
0 0.414212 0.269457 0.047327 0.070356
0 0.458003 0.319141 0.044607 0.066730
0 0.378853 0.360485 0.041887 0.052223
0 0.333973 0.438094 0.071807 0.101545
0 0.424548 0.550371 0.035359 0.038442
0 0.446580 0.507577 0.048959 0.081961
0 0.302966 0.206354 0.020672 0.042794
0 0.462627 0.093929 0.023392 0.039893
0 0.370421 0.012330 0.033727 0.024660
0 0.431892 0.025749 0.034815 0.051498
0 0.236599 0.657571 0.033727 0.053674
0 0.234423 0.701816 0.034815 0.030463
0 0.261623 0.815261 0.028288 0.044970
0 0.277398 0.972293 0.014144 0.028288
0 0.387484 0.963843 0.072495 0.072314
0 0.461395 0.972547 0.045151 0.054906
0 0.340901 0.849351 0.060927 0.079785
0 0.361301 0.718068 0.091934 0.107348
0 0.293030 0.671647 0.053311 0.073983
0 0.341173 0.638645 0.044063 0.061652
0 0.474179 0.683252 0.022848 0.046421
0 0.476083 0.749619 0.023392 0.041343
0 0.474723 0.816349 0.065279 0.102270
0 0.415156 0.858417 0.094110 0.128382
0 0.413252 0.608544 0.120766 0.094292
0 0.485058 0.586422 0.011968 0.019584
0 0.228567 0.167549 0.019040 0.027562
0 0.304725 0.988141 0.023392 0.023718