0 0.014609 0.219670 0.029218 0.035919
0 0.200504 0.273548 0.031362 0.041816
0 0.174771 0.366563 0.025733 0.029486
0 0.070029 0.344047 0.064735 0.072374
0 0.129336 0.428215 0.031362 0.041280
0 0.246542 0.389348 0.023723 0.030022
0 0.270466 0.275425 0.022516 0.041280
0 0.308261 0.259610 0.032166 0.048250
0 0.294189 0.374337 0.038600 0.043961
0 0.344650 0.450464 0.030960 0.037527
0 0.398729 0.414277 0.024929 0.027341
0 0.310071 0.321262 0.043023 0.054683
0 0.454015 0.298477 0.021310 0.027341
0 0.451402 0.336809 0.020104 0.031094
0 0.427880 0.381842 0.035785 0.063261
0 0.255589 0.432395 0.018496 0.017155
0 0.173364 0.498068 0.012464 0.023053
0 0.157883 0.565350 0.013671 0.023589
0 0.194272 0.514152 0.036589 0.072374
0 0.239506 0.566422 0.021712 0.034311
0 0.269662 0.550071 0.039404 0.048786
0 0.460926 0.438024 0.039806 0.043425
0 0.492691 0.494048 0.030156 0.033239
0 0.588467 0.313380 0.024527 0.030022
0 0.509660 0.457860 0.042218 0.049858
0 0.634304 0.413095 0.023723 0.032166
0 0.573389 0.463221 0.024125 0.038064
0 0.546048 0.524070 0.028950 0.035383
0 0.521119 0.408002 0.023321 0.031630
0 0.550270 0.430251 0.035785 0.049322
0 0.641944 0.446334 0.018898 0.032166
0 0.620835 0.542833 0.015279 0.022516
0 0.635712 0.528090 0.018496 0.018764
0 0.631892 0.499141 0.030960 0.042352
0 0.665265 0.606630 0.022114 0.033239
0 0.683961 0.506378 0.041012 0.058972
0 0.679337 0.429715 0.039002 0.046105
0 0.826015 0.541309 0.015681 0.024125
0 0.894167 0.619580 0.018496 0.020908
0 0.858583 0.627086 0.022919 0.019836
0 0.831041 0.505390 0.025733 0.039136
0 0.792039 0.459820 0.010454 0.018764
0 0.769121 0.493863 0.012867 0.017155
0 0.904018 0.590362 0.030156 0.041816
0 0.872455 0.574547 0.028950 0.048786
0 0.876275 0.542649 0.015681 0.020372
0 0.823200 0.462769 0.034981 0.037527
0 0.788823 0.498152 0.019300 0.038600
0 0.809731 0.495472 0.022516 0.033239
0 0.962521 0.620460 0.049054 0.054147
0 0.941010 0.553446 0.026135 0.041280
0 0.600775 0.755911 0.014877 0.016083
0 0.546896 0.752962 0.013269 0.021980