0 0.204759 0.978510 0.037579 0.022195
0 0.208282 0.911221 0.038048 0.022195
0 0.217911 0.833010 0.048852 0.025013
0 0.489886 0.838999 0.104280 0.106042
0 0.386545 0.975075 0.087370 0.049850
0 0.520419 0.992338 0.043215 0.015324
0 0.394765 0.868185 0.092537 0.154307
0 0.609433 0.812346 0.027714 0.025718
0 0.621176 0.745706 0.027714 0.031707
0 0.287197 0.681891 0.034290 0.043333
0 0.589939 0.719411 0.045094 0.021843
0 0.547898 0.687175 0.087840 0.077153
0 0.415199 0.688584 0.132464 0.113088
0 0.242807 0.471833 0.039457 0.039810
0 0.362589 0.544582 0.095825 0.084552
0 0.598864 0.567306 0.051670 0.020786
0 0.634798 0.467143 0.033351 0.022899
0 0.253846 0.520395 0.049322 0.052140
0 0.216737 0.347312 0.049322 0.035934
0 0.224957 0.297582 0.053549 0.051788
0 0.410971 0.417292 0.152193 0.115554
0 0.312562 0.342099 0.080324 0.074335
0 0.387954 0.330297 0.062005 0.064823
0 0.618827 0.359939 0.038048 0.042628
0 0.550716 0.594658 0.018320 0.015149
0 0.483545 0.060067 0.081264 0.055311
0 0.400402 0.133345 0.117903 0.090541
0 0.537329 0.238203 0.063884 0.043333
0 0.586886 0.189586 0.081264 0.079972
0 0.517600 0.296316 0.216077 0.091950
0 0.249853 0.656558 0.030063 0.044742
0 0.598629 0.486591 0.109447 0.147965
0 0.636208 0.564273 0.019259 0.020786
0 0.481431 0.562159 0.143738 0.136340
0 0.625873 0.022195 0.090658 0.044390