0 0.415304 0.046519 0.070246 0.054179
0 0.597646 0.252512 0.036369 0.022793
0 0.729420 0.307117 0.032881 0.026156
0 0.724936 0.345229 0.066759 0.044838
0 0.471352 0.390932 0.047827 0.035870
0 0.539356 0.390745 0.024412 0.016067
0 0.542595 0.526170 0.034874 0.037365
0 0.518681 0.640997 0.035870 0.035123
0 0.362744 0.677054 0.062773 0.045212
0 0.639245 0.704196 0.075726 0.050443
0 0.533378 0.726539 0.037365 0.033629
0 0.454662 0.750453 0.038361 0.020177
0 0.503735 0.732891 0.018932 0.010462
0 0.493771 0.774367 0.096651 0.057542
0 0.490533 0.921795 0.025408 0.013451
0 0.392387 0.915630 0.019430 0.011583
0 0.468612 0.942906 0.027401 0.016814
0 0.447687 0.932444 0.018433 0.016814
0 0.459644 0.983821 0.019430 0.014946
0 0.679600 0.977843 0.015942 0.012704
0 0.501244 0.252774 0.017935 0.013825