0 0.596367 0.483175 0.032881 0.019286
0 0.550839 0.492028 0.024450 0.016757
0 0.626087 0.580712 0.019813 0.022132
0 0.553158 0.544511 0.072929 0.050903
0 0.478964 0.562631 0.022342 0.012963
0 0.412359 0.588399 0.015598 0.014544
0 0.279148 0.516313 0.038361 0.025926
0 0.533766 0.583973 0.029930 0.025293
0 0.497302 0.629659 0.054802 0.038888
0 0.440603 0.678442 0.083046 0.052800
0 0.486763 0.656152 0.056488 0.037940
0 0.576554 0.681920 0.057331 0.053432
0 0.514797 0.715433 0.055224 0.058491
0 0.443975 0.738355 0.043420 0.037308
0 0.338798 0.672593 0.041312 0.022132
0 0.372733 0.628330 0.048479 0.024029
0 0.476857 0.805051 0.041734 0.047425
0 0.320381 0.750083 0.043420 0.025609
0 0.282863 0.784861 0.033303 0.020551
0 0.234384 0.818375 0.050165 0.031300
0 0.326072 0.914963 0.033724 0.022764
0 0.256726 0.849517 0.056910 0.035411
0 0.312793 0.826595 0.056910 0.038256
0 0.296353 0.890668 0.063655 0.042050
0 0.409751 0.826501 0.018127 0.019286
0 0.319960 0.708364 0.051008 0.026242