0 0.497901 0.905848 0.018826 0.027303
0 0.536543 0.883389 0.018165 0.020257
0 0.540342 0.829223 0.023780 0.022899
0 0.523002 0.814691 0.014863 0.023780
0 0.553223 0.797296 0.021138 0.018055
0 0.481882 0.793553 0.014532 0.019376
0 0.676582 0.714066 0.028074 0.040074
0 0.514910 0.563341 0.026422 0.019817
0 0.566599 0.516001 0.024110 0.033468
0 0.546287 0.533616 0.009248 0.018496
0 0.544470 0.588882 0.067047 0.081469
0 0.641738 0.468819 0.053505 0.067377
0 0.548103 0.408859 0.024110 0.036991
0 0.446377 0.460823 0.041946 0.054606
0 0.558837 0.248522 0.027083 0.045358
0 0.502029 0.078166 0.035670 0.046239
0 0.670472 0.007927 0.044258 0.015853