0 0.455995 0.846227 0.015910 0.013126
0 0.438228 0.790939 0.018562 0.012330
0 0.531834 0.740896 0.023335 0.023865
0 0.456525 0.684017 0.035003 0.026252
0 0.330304 0.727373 0.019092 0.009546
0 0.297157 0.691177 0.017501 0.009546
0 0.244123 0.662339 0.022805 0.010739
0 0.378565 0.682227 0.042427 0.030627
0 0.323144 0.594006 0.028108 0.016706
0 0.258177 0.572129 0.018032 0.009546
0 0.372996 0.493374 0.022805 0.016706
0 0.524674 0.533827 0.031290 0.028638
0 0.465011 0.533827 0.076369 0.052504
0 0.510090 0.450180 0.015910 0.013524
0 0.509559 0.422138 0.029699 0.021877
0 0.438228 0.421144 0.058868 0.047731
0 0.403756 0.345843 0.053565 0.046140
0 0.470049 0.329336 0.076900 0.089495
0 0.403756 0.267286 0.022805 0.023468
0 0.413037 0.213732 0.043488 0.067221
0 0.515128 0.087705 0.069475 0.048924