0 0.508910 0.459502 0.035621 0.024661
0 0.506855 0.404119 0.026031 0.017982
0 0.537681 0.347862 0.041102 0.022606
0 0.651737 0.366253 0.043157 0.032367
0 0.683249 0.412749 0.028086 0.023633
0 0.664753 0.491793 0.055487 0.030674
0 0.603786 0.435098 0.084258 0.056001
0 0.548299 0.540758 0.117139 0.117653
0 0.668521 0.446762 0.050692 0.032367
0 0.761341 0.427753 0.028086 0.021065
0 0.736338 0.272595 0.028771 0.029285
0 0.733940 0.235089 0.059597 0.037505
0 0.740791 0.533051 0.052747 0.034423
0 0.642147 0.576979 0.034936 0.041102
0 0.704484 0.647622 0.051377 0.034423
0 0.643517 0.650961 0.029456 0.018496
0 0.623651 0.621677 0.044527 0.023633
0 0.551039 0.653016 0.091108 0.058570
0 0.461643 0.632723 0.032881 0.017982
0 0.459930 0.711586 0.045897 0.023633
0 0.420199 0.692834 0.029456 0.022092
0 0.552066 0.691035 0.035621 0.021578
0 0.589058 0.697457 0.021921 0.021065
0 0.643517 0.714926 0.015756 0.012844
0 0.564739 0.729054 0.017126 0.012330
0 0.563712 0.711586 0.012330 0.005138
0 0.532885 0.748064 0.020551 0.016441
0 0.488016 0.751917 0.029456 0.014899
0 0.557395 0.877801 0.021543 0.018283
0 0.521679 0.864833 0.020409 0.012756
0 0.491066 0.857817 0.014740 0.013181
0 0.481428 0.825928 0.030614 0.019984
0 0.447130 0.783834 0.039117 0.026787
0 0.352738 0.860581 0.035149 0.022110
0 0.323258 0.885242 0.035149 0.018708
0 0.529333 0.942855 0.018708 0.012330
0 0.504955 0.940729 0.018708 0.012330
0 0.464421 0.937540 0.022677 0.015307
0 0.552576 0.927548 0.019842 0.012330
0 0.454216 0.865896 0.014740 0.014031
0 0.221213 0.972830 0.019275 0.014456
0 0.610118 0.828904 0.012472 0.007228
0 0.449681 0.551934 0.018141 0.010205
0 0.463570 0.606783 0.022110 0.015307