0 0.224346 0.231813 0.019181 0.014797
0 0.413687 0.245993 0.055898 0.048911
0 0.309837 0.280434 0.037813 0.027127
0 0.353679 0.278379 0.026853 0.022195
0 0.402178 0.330373 0.024113 0.027538
0 0.394780 0.285367 0.054254 0.029593
0 0.350390 0.237689 0.069599 0.048500
0 0.403822 0.444205 0.031785 0.024250
0 0.449308 0.539888 0.044938 0.046856
0 0.367978 0.711384 0.017537 0.013975
0 0.466896 0.789149 0.020277 0.013975
0 0.588557 0.906494 0.059734 0.063707
0 0.524438 0.947390 0.089327 0.055076
0 0.496215 0.815865 0.047130 0.060008
0 0.525808 0.737027 0.093163 0.033292
0 0.496489 0.699830 0.054254 0.027949
0 0.295366 0.130497 0.021373 0.014386