3 0.525376 0.935366 0.026792 0.029071
3 0.583832 0.812369 0.053584 0.068046
3 0.520201 0.751787 0.095599 0.199571
3 0.610320 0.704748 0.076114 0.137462
3 0.631936 0.783983 0.019485 0.021921
3 0.628891 0.821659 0.018267 0.017811
3 0.573480 0.624008 0.165624 0.053889
3 0.585659 0.557882 0.187545 0.074439
3 0.605144 0.483599 0.191198 0.075353
3 0.632849 0.421883 0.167451 0.042928
3 0.612755 0.373253 0.227124 0.053732
3 0.651117 0.328805 0.129698 0.033338
3 0.675778 0.290561 0.112040 0.039967
3 0.655075 0.205508 0.086465 0.129698
3 0.746107 0.218295 0.094381 0.104124
3 0.728144 0.037220 0.020703 0.022377