3 0.871679 0.328517 0.170665 0.090237
3 0.682939 0.317868 0.171505 0.104809
3 0.518074 0.309741 0.031106 0.034749
3 0.556070 0.434333 0.036991 0.034749
3 0.495749 0.439097 0.062633 0.037552
3 0.449930 0.418360 0.017235 0.016254
3 0.310668 0.307867 0.273232 0.128909
3 0.389064 0.387175 0.059270 0.031947
3 0.293013 0.408473 0.090797 0.065576
3 0.286917 0.480213 0.070200 0.024100
3 0.175733 0.482175 0.092478 0.047080
3 0.143412 0.419962 0.042456 0.063894
3 0.055207 0.427249 0.110414 0.066136
3 0.073702 0.335891 0.147404 0.118821