3 0.086621 0.244760 0.014797 0.028360
3 0.051017 0.356350 0.037916 0.049322
3 0.166615 0.389642 0.121147 0.125771
3 0.244760 0.409988 0.011097 0.023428
3 0.246609 0.466708 0.040691 0.045623
3 0.286375 0.463009 0.048089 0.117139
3 0.350647 0.477189 0.087855 0.145499
3 0.427404 0.527744 0.060111 0.086313
3 0.453761 0.455610 0.022195 0.040691
3 0.508323 0.430333 0.025894 0.039457
3 0.507861 0.520962 0.093403 0.136868
3 0.587392 0.556104 0.060111 0.106042
3 0.648890 0.580148 0.064735 0.112207
3 0.710851 0.546856 0.022195 0.025894
3 0.694667 0.596178 0.041615 0.060419
3 0.734895 0.604809 0.029593 0.038224
3 0.788070 0.557337 0.026819 0.054254
3 0.820438 0.664612 0.087855 0.091245
3 0.847719 0.781751 0.036991 0.061652