3 0.688661 0.097569 0.038860 0.039852
3 0.707094 0.133691 0.079712 0.032134
3 0.734993 0.103986 0.022917 0.025782
3 0.764885 0.137988 0.034874 0.029518
3 0.658520 0.137299 0.017437 0.026156
3 0.694390 0.160278 0.136009 0.020551
3 0.610941 0.163133 0.028896 0.016067
3 0.678448 0.180134 0.152947 0.016441
3 0.626884 0.301816 0.075726 0.226432
3 0.570089 0.345031 0.037863 0.139745
3 0.509659 0.346018 0.080008 0.062773
3 0.536959 0.396265 0.026405 0.036974
3 0.700617 0.220734 0.071741 0.063521
3 0.694390 0.277716 0.057293 0.051937
3 0.682682 0.321993 0.035870 0.035123
3 0.673964 0.353304 0.017437 0.025782
3 0.673964 0.376902 0.017437 0.019430
3 0.671722 0.397079 0.012953 0.019430
3 0.586031 0.447259 0.125546 0.063521
3 0.655779 0.425401 0.010960 0.019803
3 0.513543 0.449811 0.017437 0.058908
3 0.495608 0.462766 0.018433 0.033255
3 0.552403 0.511772 0.134016 0.063521
3 0.631866 0.492716 0.023914 0.025408
3 0.466417 0.909278 0.029394 0.028024
3 0.430546 0.970556 0.016441 0.012330
3 0.448481 0.989855 0.020426 0.020289
3 0.402647 0.996394 0.015444 0.007211
3 0.530934 0.783615 0.035870 0.056421
3 0.540648 0.590642 0.127041 0.091918
3 0.561075 0.690202 0.048325 0.110227
3 0.486345 0.684971 0.097149 0.096775
3 0.469406 0.779563 0.081207 0.088929
3 0.542641 0.751352 0.066261 0.035497
3 0.465171 0.616610 0.022917 0.040728
3 0.475882 0.500913 0.019430 0.025035