3 0.716765 0.033909 0.059369 0.059597
3 0.629995 0.085628 0.055715 0.045212
3 0.693931 0.093163 0.042928 0.031511
3 0.575650 0.131525 0.062109 0.068503
3 0.582043 0.033224 0.213728 0.066447
3 0.532265 0.078778 0.048408 0.058912
3 0.691647 0.204138 0.116911 0.120564
3 0.358431 0.058159 0.105220 0.116317
3 0.442278 0.093506 0.073435 0.187012
3 0.494340 0.213317 0.055898 0.031237
3 0.503930 0.273736 0.056446 0.050144
3 0.578461 0.204686 0.024661 0.023839
3 0.583941 0.174887 0.019181 0.016852
3 0.526673 0.170777 0.028497 0.028360
3 0.590518 0.242499 0.104672 0.061652
3 0.265542 0.087546 0.031237 0.036991
3 0.362541 0.146116 0.098096 0.061241
3 0.318151 0.210029 0.069599 0.062474
3 0.388572 0.241735 0.070147 0.145088
3 0.316233 0.297081 0.043842 0.053843
3 0.442278 0.327268 0.090971 0.281385
3 0.380078 0.432138 0.088231 0.250308
3 0.315137 0.409532 0.042746 0.141800
3 0.320892 0.504129 0.026853 0.028771
3 0.434606 0.507418 0.033977 0.035347
3 0.363637 0.723464 0.088231 0.331689
3 0.440908 0.583308 0.063022 0.048911
3 0.494888 0.586679 0.040554 0.035347
3 0.314863 0.924990 0.047678 0.072750
3 0.579009 0.937320 0.100288 0.125360
3 0.660116 0.891081 0.073983 0.065762
3 0.680667 0.823469 0.088779 0.080970
3 0.612986 0.769498 0.035621 0.031648
3 0.542840 0.801557 0.116728 0.107275
3 0.668884 0.700389 0.112344 0.157830
3 0.710534 0.571613 0.070695 0.050966
3 0.690257 0.521000 0.049870 0.025894
3 0.619837 0.563804 0.084395 0.044390
3 0.592710 0.729424 0.052062 0.045212
3 0.603396 0.465308 0.112892 0.073161
3 0.758760 0.272972 0.035621 0.036169
3 0.622577 0.312429 0.265242 0.097000
3 0.598464 0.406411 0.217016 0.092889
3 0.714644 0.468532 0.049322 0.049733
3 0.282530 0.754906 0.079463 0.291821
3 0.461733 0.651536 0.061926 0.071928
3 0.493244 0.515387 0.038361 0.064529
3 0.545306 0.521142 0.071243 0.049733
3 0.593532 0.524635 0.053706 0.031237
3 0.503108 0.714010 0.046034 0.057953
3 0.577639 0.681129 0.037265 0.039046