3 0.050452 0.435882 0.100904 0.140567
3 0.241471 0.329429 0.209618 0.151254
3 0.386046 0.474928 0.543157 0.138101
3 0.372791 0.303946 0.020962 0.027949
3 0.472051 0.324085 0.144266 0.115906
3 0.427661 0.375462 0.124538 0.064118
3 0.699548 0.516441 0.076449 0.091245
3 0.613235 0.336416 0.127004 0.130703
3 0.747328 0.377517 0.179408 0.161940
3 0.918105 0.383683 0.042540 0.042746
3 0.854295 0.347924 0.019729 0.013975
3 0.840732 0.388615 0.018496 0.023017
3 0.853370 0.436293 0.020345 0.034525
3 0.846280 0.474928 0.020962 0.018085
3 0.890978 0.414509 0.015413 0.022195
3 0.959412 0.385327 0.011714 0.013152