3 0.956758 0.034320 0.018633 0.023428
3 0.881679 0.045006 0.017537 0.014386
3 0.866608 0.036169 0.020277 0.026305
3 0.911272 0.007604 0.033977 0.015208
3 0.950182 0.015002 0.035073 0.030004
3 0.899764 0.070489 0.013152 0.011097
3 0.850168 0.104603 0.057542 0.043157
3 0.784405 0.121044 0.071791 0.081792
3 0.728781 0.151870 0.037265 0.045623
3 0.769061 0.174065 0.047678 0.028360
3 0.773719 0.197493 0.013152 0.014386
3 0.752894 0.225031 0.013152 0.016030
3 0.678911 0.169133 0.061378 0.067818
3 0.653155 0.279818 0.049322 0.049733
3 0.739742 0.347224 0.021921 0.020140
3 0.709601 0.226527 0.076723 0.074394
3 0.629042 0.212142 0.088779 0.086724
3 0.602360 0.336390 0.052062 0.048911
3 0.571945 0.367422 0.058090 0.031237
3 0.512211 0.393110 0.064666 0.043979
3 0.440420 0.403386 0.046034 0.044801
3 0.352463 0.392083 0.086039 0.068229
3 0.583179 0.272066 0.083847 0.072339
3 0.508374 0.338240 0.111796 0.091245
3 0.504812 0.460087 0.046582 0.029182
3 0.436036 0.491529 0.046034 0.034525
3 0.486454 0.596749 0.032881 0.017263
3 0.324950 0.727349 0.025757 0.016852
3 0.263024 0.715224 0.035621 0.018085
3 0.269326 0.696112 0.031785 0.016030
3 0.298645 0.760230 0.014797 0.014386
3 0.259736 0.759408 0.030141 0.024250
3 0.251242 0.782425 0.019729 0.014386
3 0.273162 0.798455 0.012056 0.008631
3 0.181643 0.779959 0.016441 0.014386
3 0.062269 0.821266 0.124538 0.057542
3 0.184546 0.741882 0.048774 0.028360
3 0.116317 0.747637 0.083299 0.078504
3 0.116043 0.677764 0.065214 0.053843
3 0.148925 0.591862 0.054254 0.052199
3 0.192766 0.683724 0.061926 0.071517
3 0.351418 0.466990 0.115084 0.070695
3 0.331415 0.532136 0.087135 0.058775
3 0.225373 0.555834 0.038361 0.024250
3 0.185916 0.543503 0.017537 0.008631
3 0.255514 0.496237 0.025209 0.017674
3 0.262639 0.605978 0.145773 0.105631