3 0.502930 0.976115 0.075839 0.047770
3 0.460238 0.934728 0.041367 0.083529
3 0.661980 0.987589 0.040029 0.024822
3 0.571557 0.910041 0.085062 0.179596
3 0.646254 0.868761 0.062903 0.106685
3 0.607297 0.697835 0.076485 0.243744
3 0.665554 0.658900 0.052896 0.156543
3 0.599077 0.446435 0.090066 0.066477
3 0.362475 0.086204 0.047177 0.062188
3 0.378916 0.179755 0.110081 0.121696
3 0.465765 0.239531 0.075055 0.095427
3 0.393212 0.316462 0.134384 0.179596
3 0.511513 0.386315 0.103647 0.202112
3 0.596933 0.354417 0.068622 0.116871
3 0.391425 0.490211 0.130810 0.164049
3 0.309579 0.503614 0.041459 0.105077
3 0.541892 0.545698 0.168695 0.118480
3 0.406079 0.731786 0.167265 0.322736
3 0.524737 0.642524 0.065762 0.076663
3 0.310652 0.638336 0.036455 0.162976
3 0.512943 0.814346 0.057900 0.046105
3 0.373912 0.978743 0.065762 0.042513
3 0.567268 0.268321 0.026448 0.021980
3 0.561192 0.212566 0.000000 0.000536