3 0.982583 0.501850 0.034834 0.145499
3 0.917540 0.380395 0.023120 0.030826
3 0.766338 0.673243 0.031443 0.036991
3 0.745530 0.629470 0.043465 0.043157
3 0.780672 0.538224 0.126695 0.166461
3 0.689118 0.504932 0.058261 0.045623
3 0.793115 0.862310 0.067201 0.047678
3 0.771537 0.410347 0.112824 0.087957
3 0.749958 0.309649 0.068434 0.110152
3 0.675667 0.358148 0.076449 0.228524
3 0.601685 0.374589 0.066584 0.218660
3 0.594450 0.544878 0.157502 0.115906
3 0.529262 0.634479 0.059186 0.061652
3 0.535119 0.414586 0.064735 0.136457
3 0.476550 0.527615 0.075832 0.087957
3 0.464836 0.414650 0.074599 0.136329
3 0.378031 0.393624 0.094328 0.175092
3 0.276921 0.401433 0.112824 0.085491
3 0.363543 0.509119 0.065351 0.064118
3 0.291718 0.492679 0.077065 0.085491
3 0.017057 0.358688 0.033292 0.207152
3 0.050041 0.380061 0.032676 0.169338
3 0.086108 0.391569 0.036991 0.146321
3 0.118783 0.418696 0.029593 0.095356
3 0.196157 0.440480 0.043773 0.099466
3 0.236848 0.508297 0.036375 0.123305
3 0.441533 0.588034 0.032676 0.060830