3 0.766871 0.882478 0.041385 0.041243
3 0.688920 0.937752 0.062361 0.050597
3 0.727470 0.983226 0.072565 0.033547
3 0.592261 0.900952 0.120753 0.198095
3 0.509774 0.770308 0.046487 0.044220
3 0.590560 0.787103 0.111683 0.029338
3 0.577804 0.742824 0.087305 0.054424
3 0.486814 0.683297 0.092408 0.126706
3 0.569584 0.649495 0.069731 0.129682
3 0.342250 0.426225 0.077668 0.076534
3 0.461019 0.493896 0.145131 0.249585
3 0.575536 0.470085 0.080502 0.226625
3 0.475192 0.295499 0.116785 0.147540
3 0.560513 0.265523 0.052723 0.181981
3 0.620323 0.069943 0.116785 0.139886
3 0.629677 0.232153 0.057259 0.047621
3 0.602182 0.283175 0.039684 0.058676
3 0.320140 0.056125 0.081069 0.042519
3 0.306818 0.246822 0.085038 0.067605
3 0.267984 0.294230 0.042519 0.114801
3 0.297463 0.144564 0.042519 0.136911