3 0.422413 0.441228 0.043842 0.036991
3 0.561550 0.416795 0.032272 0.032881
3 0.214166 0.426385 0.064545 0.031054
3 0.103344 0.482101 0.063327 0.038361
3 0.019828 0.420905 0.039655 0.047495
3 0.092935 0.401496 0.144312 0.116454
3 0.655988 0.476392 0.041406 0.028771
3 0.513198 0.611935 0.059064 0.058455
3 0.284247 0.630659 0.054193 0.024661
3 0.068331 0.655548 0.112649 0.062566
3 0.220255 0.725263 0.135178 0.106407
3 0.326510 0.741476 0.078550 0.094990
3 0.389532 0.738736 0.047495 0.044755
3 0.429720 0.744901 0.032881 0.053432
3 0.461384 0.736909 0.028010 0.059369
3 0.505225 0.737366 0.057238 0.078550
3 0.570988 0.755861 0.073069 0.042472
3 0.616656 0.704941 0.059673 0.036535
3 0.553634 0.796349 0.085857 0.036991
3 0.544500 0.721910 0.020094 0.025118
3 0.958132 0.787672 0.036535 0.042472