3 0.505549 0.600742 0.041615 0.046625
3 0.606247 0.539476 0.032367 0.064350
3 0.577733 0.581476 0.025688 0.076680
3 0.556669 0.634459 0.023633 0.073212
3 0.531237 0.653147 0.022092 0.043542
3 0.580559 0.639082 0.022092 0.036991
3 0.604706 0.591242 0.026202 0.043542
3 0.645551 0.521883 0.040074 0.048166
3 0.705405 0.494079 0.015927 0.012330
3 0.527697 0.510016 0.032881 0.039303
3 0.497898 0.557411 0.057542 0.046239
3 0.490192 0.511750 0.018496 0.015028
3 0.484283 0.526200 0.022092 0.012330
3 0.546706 0.482080 0.020551 0.011945
3 0.726012 0.429868 0.092478 0.068588
3 0.668727 0.489401 0.015927 0.012716
3 0.810013 0.376001 0.091965 0.045854
3 0.712397 0.378313 0.027230 0.015798
3 0.802050 0.308954 0.031854 0.031982
3 0.917905 0.282752 0.033395 0.023505
3 0.975782 0.246988 0.048436 0.064735
3 0.821324 0.228107 0.036478 0.025432
3 0.854976 0.199593 0.021578 0.028514
3 0.828517 0.178208 0.023120 0.020422
3 0.795892 0.193043 0.021578 0.015413
3 0.946941 0.128771 0.050349 0.076680
3 0.906353 0.166533 0.046239 0.028129
3 0.975525 0.183873 0.048949 0.036606
3 0.961840 0.054789 0.032881 0.031982
3 0.685946 0.327642 0.020551 0.022349
3 0.734240 0.323404 0.034936 0.034679
3 0.764553 0.354422 0.038019 0.028129
3 0.323739 0.710211 0.028771 0.020037
3 0.304472 0.691523 0.038533 0.020422
3 0.262600 0.724468 0.026716 0.033138
3 0.302674 0.757799 0.026716 0.018881
3 0.277243 0.756258 0.023120 0.011945
3 0.300619 0.779763 0.016441 0.015028
3 0.371776 0.791515 0.079634 0.033138
3 0.424694 0.751634 0.050863 0.047395
3 0.425208 0.705666 0.049836 0.048166
3 0.368437 0.712602 0.029799 0.042771
3 0.229719 0.794869 0.101726 0.049707