3 0.332511 0.468866 0.022359 0.021702
3 0.285162 0.446917 0.032881 0.021208
3 0.280230 0.390691 0.032224 0.027127
3 0.311796 0.358065 0.019071 0.008238
3 0.261159 0.315328 0.032224 0.026634
3 0.216112 0.316068 0.028935 0.025154
3 0.312454 0.781751 0.033539 0.031566
3 0.237813 0.667324 0.032881 0.041430
3 0.371640 0.925031 0.040115 0.044883
3 0.366050 0.962515 0.060501 0.042910
3 0.532100 0.910234 0.107193 0.091245
3 0.445294 0.843896 0.045376 0.040444
3 0.371311 0.835512 0.021044 0.025647
3 0.515660 0.817263 0.070366 0.079901
3 0.488697 0.526877 0.122976 0.449622
3 0.460090 0.254254 0.056556 0.052774
3 0.466009 0.177312 0.043403 0.073490
3 0.420633 0.163502 0.017098 0.011344
3 0.264118 0.128483 0.031566 0.026141
3 0.321661 0.049322 0.019071 0.020715
3 0.372626 0.008138 0.021044 0.016276