3 0.219352 0.394409 0.066350 0.036551
3 0.300087 0.401676 0.038753 0.033468
3 0.086156 0.511066 0.171713 0.075695
3 0.216083 0.525904 0.087227 0.069311
3 0.271798 0.585611 0.092707 0.047609
3 0.292806 0.476007 0.078093 0.040074
3 0.359025 0.534063 0.200484 0.118509
3 0.403466 0.616148 0.167146 0.055937
3 0.457126 0.450099 0.224232 0.125017
3 0.662826 0.486454 0.183344 0.092478
3 0.515895 0.551874 0.115084 0.073983
3 0.585768 0.635843 0.021921 0.018838
3 0.956581 0.582753 0.086313 0.057885
3 0.839898 0.566484 0.230169 0.124675
3 0.800852 0.495584 0.099100 0.016441
3 0.768606 0.690869 0.047038 0.057200
3 0.723622 0.680765 0.044755 0.035621
3 0.734126 0.642575 0.084030 0.036649
3 0.864737 0.689842 0.031968 0.020893
3 0.607075 0.606269 0.238389 0.147623