3 0.967594 0.481887 0.064812 0.062423
3 0.912582 0.442969 0.041102 0.026202
3 0.879701 0.488052 0.039046 0.023890
3 0.844765 0.466474 0.034936 0.017725
3 0.779516 0.548163 0.035964 0.017725
3 0.861205 0.515796 0.016441 0.010018
3 0.089010 0.616752 0.031854 0.037762
3 0.095689 0.540842 0.026716 0.016954
3 0.231324 0.591705 0.154131 0.073983
3 0.326372 0.567430 0.017468 0.013101
3 0.341785 0.600953 0.060625 0.032367
3 0.383914 0.580146 0.058570 0.058570
3 0.461493 0.561650 0.108919 0.086313
3 0.570412 0.560879 0.100699 0.063194
3 0.556027 0.511943 0.028771 0.022349
3 0.603807 0.477649 0.035964 0.026202
3 0.622303 0.511172 0.089396 0.062423
3 0.645422 0.559723 0.084258 0.042386
3 0.759479 0.513484 0.187012 0.060882