3 0.537297 0.634021 0.046421 0.030826
3 0.568244 0.612806 0.039651 0.026112
3 0.464765 0.590139 0.033848 0.030826
3 0.507317 0.962320 0.062861 0.066367
3 0.497888 0.906651 0.036266 0.037717
3 0.527867 0.867847 0.093325 0.097918
3 0.541407 0.749636 0.126206 0.108073
3 0.550352 0.689197 0.029013 0.019584
3 0.477337 0.693548 0.031914 0.034090
3 0.545759 0.457967 0.161988 0.198738
3 0.446248 0.012805 0.048900 0.025609
3 0.484609 0.071453 0.026136 0.019602
3 0.428753 0.108761 0.000422 0.000000