3 0.429707 0.251013 0.051670 0.045212
3 0.409352 0.206682 0.076723 0.046973
3 0.349069 0.143268 0.086117 0.068111
3 0.288004 0.058716 0.043842 0.045799
3 0.647349 0.342574 0.059499 0.071047
3 0.587067 0.578504 0.120564 0.123305
3 0.510344 0.433584 0.178498 0.167342
3 0.590198 0.718983 0.065762 0.150901
3 0.690016 0.692964 0.055585 0.078093
3 0.702542 0.594825 0.054019 0.105690
3 0.742078 0.562926 0.021921 0.042661
3 0.725246 0.506659 0.074374 0.072221
3 0.841113 0.222379 0.036796 0.056368
3 0.812538 0.292546 0.032881 0.061652
3 0.789834 0.361244 0.054802 0.075744
3 0.742861 0.359776 0.037579 0.079854
3 0.732684 0.434052 0.072026 0.072221
3 0.782397 0.416437 0.025835 0.033468