3 0.569497 0.015320 0.020924 0.022419
3 0.542345 0.069125 0.016441 0.009715
3 0.509215 0.054553 0.027899 0.023914
3 0.483309 0.056795 0.028896 0.024661
3 0.519926 0.116392 0.036369 0.052685
3 0.514446 0.220004 0.017437 0.013078
3 0.512204 0.249522 0.016939 0.011583
3 0.574978 0.355265 0.022917 0.019056
3 0.519179 0.648709 0.030888 0.021672
3 0.447937 0.527909 0.043842 0.029145
3 0.415055 0.474180 0.037863 0.048948
3 0.472597 0.811008 0.022419 0.018309
3 0.472099 0.845197 0.020426 0.011957
3 0.476583 0.885177 0.012455 0.009715
3 0.448186 0.880880 0.014448 0.011583
3 0.444698 0.855846 0.030390 0.019803
3 0.416550 0.819228 0.030888 0.016814
3 0.412564 0.801853 0.026903 0.015693
3 0.229624 0.760191 0.052809 0.050443
3 0.303108 0.977151 0.032383 0.045697
3 0.307592 0.884804 0.149958 0.150207
3 0.394777 0.902178 0.016441 0.015320
3 0.274462 0.703093 0.035870 0.025408
3 0.235104 0.706829 0.014946 0.010462
3 0.261010 0.647232 0.021921 0.022045
3 0.333747 0.736908 0.126543 0.141613
3 0.339477 0.602225 0.094160 0.129283
3 0.405737 0.578872 0.034376 0.034002
3 0.359903 0.507020 0.048325 0.040728
3 0.270725 0.528878 0.064268 0.058289
3 0.363639 0.434421 0.096651 0.102007
3 0.448583 0.412130 0.068253 0.072114
3 0.459792 0.333424 0.031885 0.046706
3 0.385311 0.313247 0.098145 0.131899
3 0.470005 0.270353 0.059286 0.063521
3 0.412214 0.226636 0.086189 0.041849
3 0.472745 0.177817 0.104622 0.122557
3 0.498403 0.012144 0.034376 0.024287
3 0.547226 0.011396 0.015444 0.022792