3 0.989056 0.500548 0.021888 0.028024
3 0.884699 0.476168 0.034376 0.014012
3 0.960550 0.454589 0.041102 0.022419
3 0.926547 0.498026 0.035870 0.026342
3 0.906370 0.525209 0.011957 0.010089
3 0.818189 0.521006 0.164406 0.056608
3 0.827530 0.558838 0.027650 0.012330
3 0.653409 0.487657 0.035123 0.021298
3 0.607076 0.522967 0.024661 0.025782
3 0.145957 0.621050 0.031387 0.030266
3 0.156046 0.547068 0.018683 0.017935
3 0.286450 0.596389 0.147965 0.068378
3 0.379862 0.573130 0.022419 0.012891
3 0.393687 0.603115 0.059037 0.028024
3 0.435314 0.586021 0.064268 0.061092
3 0.523869 0.569767 0.115832 0.086874
3 0.629239 0.564723 0.118821 0.057729
3 0.685286 0.532215 0.112842 0.083511