3 0.027850 0.522277 0.055699 0.046105
3 0.623112 0.552835 0.064333 0.038600
3 0.915112 0.590362 0.050751 0.024661
3 0.765359 0.573743 0.101503 0.058972
3 0.416890 0.448026 0.033596 0.023053
3 0.480151 0.466790 0.087207 0.045569
3 0.577365 0.443737 0.115799 0.115263
3 0.863288 0.498688 0.124377 0.091138
3 0.988471 0.570527 0.023057 0.066477
3 0.765002 0.498688 0.069336 0.081488
3 0.683514 0.456872 0.092210 0.113655
3 0.244833 0.327318 0.047177 0.028950
3 0.124745 0.333752 0.064333 0.032166
3 0.247335 0.410951 0.270913 0.135099