3 0.546957 0.975375 0.039639 0.035178
3 0.509735 0.974469 0.036738 0.031914
3 0.499342 0.919163 0.031421 0.021397
3 0.547440 0.918619 0.029004 0.027562
3 0.618500 0.956336 0.047373 0.035541
3 0.601339 0.910459 0.057524 0.040981
3 0.695601 0.971821 0.038188 0.056357
3 0.672157 0.969935 0.024170 0.018496
3 0.640736 0.857148 0.023203 0.019221
3 0.560250 0.871473 0.018852 0.015957
3 0.409189 0.841916 0.025137 0.031551
3 0.688592 0.783233 0.036738 0.036266
3 0.677716 0.820950 0.049790 0.052223
3 0.615358 0.817505 0.030454 0.025024
3 0.591188 0.778156 0.031421 0.023210
3 0.521095 0.808620 0.051724 0.087764
3 0.501276 0.777431 0.019819 0.019584
3 0.441818 0.748730 0.042056 0.036629
3 0.539706 0.721530 0.028037 0.027200
3 0.484115 0.692223 0.019336 0.015232
3 0.304193 0.686783 0.024170 0.024661
3 0.508232 0.674452 0.026587 0.023210
3 0.503882 0.642357 0.067192 0.030101
3 0.518867 0.587907 0.017886 0.012330
3 0.492763 0.583917 0.020786 0.016682
3 0.469560 0.533326 0.048823 0.031551
3 0.535544 0.529881 0.020303 0.015957
3 0.574941 0.519364 0.017886 0.013781
3 0.743647 0.622541 0.032388 0.035903
3 0.543278 0.392393 0.035771 0.029375
3 0.471977 0.386409 0.017886 0.015232
3 0.481162 0.213607 0.025620 0.018133
3 0.570832 0.211431 0.025137 0.018133
3 0.467627 0.165192 0.023686 0.020672
3 0.426538 0.103902 0.015952 0.014144
3 0.485029 0.087401 0.023686 0.018858
3 0.542848 0.133822 0.029487 0.018858
3 0.502726 0.111699 0.074927 0.040618
3 0.640692 0.597835 0.155746 0.348391
3 0.634039 0.250297 0.183139 0.342060
3 0.640182 0.035727 0.018964 0.016441
3 0.640814 0.060230 0.029500 0.021183
3 0.576758 0.020867 0.033714 0.026558
3 0.542833 0.041418 0.023178 0.013911
3 0.473087 0.049480 0.023600 0.009801
3 0.376160 0.064498 0.009271 0.010750
3 0.575493 0.050586 0.020228 0.008853
3 0.591086 0.071453 0.016014 0.011382
3 0.612157 0.057226 0.023600 0.024661