3 0.415061 0.248664 0.056172 0.039046
3 0.391770 0.203453 0.069873 0.040074
3 0.331831 0.145397 0.085628 0.057542
3 0.274288 0.066276 0.036306 0.053432
3 0.573645 0.713288 0.055487 0.103781
3 0.583577 0.643159 0.043842 0.035450
3 0.562082 0.565742 0.118607 0.119341
3 0.493677 0.424912 0.172039 0.163819
3 0.672762 0.673985 0.053432 0.081029
3 0.680395 0.557155 0.048735 0.140919
3 0.721497 0.529852 0.031120 0.091598
3 0.798709 0.258231 0.049322 0.044478
3 0.782268 0.296764 0.039927 0.036111
3 0.719442 0.325168 0.015266 0.028624
3 0.628138 0.336838 0.056955 0.065175
3 0.822196 0.456619 0.031707 0.023780
3 0.816617 0.419628 0.034643 0.029065
3 0.707698 0.440105 0.078680 0.089396
3 0.734708 0.363480 0.086900 0.060331
3 0.757607 0.409059 0.021138 0.028184
3 0.761130 0.324658 0.069285 0.017615
3 0.785498 0.350420 0.011156 0.031267
3 0.523004 0.836989 0.012225 0.019918