3 0.775406 0.045528 0.039205 0.023712
3 0.685931 0.004505 0.019602 0.009010
3 0.664116 0.007114 0.018970 0.014227
3 0.641984 0.019918 0.020235 0.017073
3 0.623014 0.025847 0.013911 0.016599
3 0.583810 0.023001 0.016441 0.010908
3 0.589817 0.050033 0.023396 0.016599
3 0.634712 0.056673 0.018338 0.018496
3 0.733988 0.074220 0.036043 0.024187
3 0.705533 0.072323 0.028455 0.015650
3 0.678027 0.053827 0.061968 0.029878
3 0.647991 0.073271 0.017073 0.011856
3 0.633764 0.092004 0.016441 0.012330
3 0.597721 0.085365 0.029087 0.030352
3 0.540495 0.098407 0.027190 0.030826
3 0.479791 0.072323 0.025926 0.025135
3 0.537017 0.127099 0.025293 0.019918
3 0.552509 0.119273 0.018338 0.014702
3 0.584758 0.136346 0.030984 0.028929
3 0.646727 0.132790 0.052483 0.030352
3 0.680240 0.104098 0.066395 0.036517
3 0.739363 0.108603 0.029087 0.024661
3 0.659057 0.172626 0.021499 0.017073
3 0.625543 0.169544 0.018970 0.015650
3 0.586023 0.168121 0.036043 0.032723
3 0.703320 0.237502 0.021499 0.021341
3 0.604993 0.201222 0.017073 0.015176
3 0.550296 0.198377 0.015176 0.015176
3 0.516466 0.218295 0.036043 0.035094
3 0.498761 0.242007 0.032249 0.024661
3 0.556303 0.230625 0.020867 0.019918
3 0.563575 0.258369 0.022764 0.015650
3 0.618272 0.245801 0.056277 0.067343
3 0.658108 0.297732 0.028455 0.033672
3 0.585707 0.303660 0.020235 0.018970
3 0.617639 0.331640 0.015808 0.012330
3 0.597089 0.355353 0.041734 0.043631
3 0.743789 0.354879 0.016441 0.016124
3 0.586971 0.406950 0.012647 0.012805
3 0.569266 0.400310 0.012647 0.011856
3 0.424462 0.346009 0.022764 0.022764
3 0.592030 0.446690 0.031617 0.026558
3 0.543657 0.437679 0.015808 0.012330
3 0.515202 0.440762 0.015808 0.009011
3 0.554090 0.546897 0.015176 0.014227
3 0.506033 0.533618 0.026558 0.023712
3 0.508246 0.671699 0.015808 0.018496
3 0.505084 0.708690 0.018338 0.015650
3 0.444381 0.661739 0.020867 0.014702
3 0.471571 0.892061 0.015808 0.014227
3 0.432682 0.962487 0.015176 0.010908
3 0.413396 0.930949 0.012014 0.010433
3 0.396640 0.918145 0.015176 0.015176
3 0.378934 0.944466 0.012647 0.008062
3 0.361861 0.940197 0.015176 0.010908
3 0.337517 0.964621 0.014544 0.009485
3 0.435528 0.865503 0.013279 0.012330
3 0.463034 0.836337 0.018970 0.015650
3 0.435844 0.846296 0.017705 0.020393
3 0.410967 0.861398 0.019523 0.010404
3 0.421499 0.824599 0.015927 0.010018
3 0.473390 0.792810 0.019009 0.008092
3 0.522198 0.758708 0.011817 0.007707
3 0.547886 0.792039 0.007707 0.008863
3 0.473904 0.764296 0.017982 0.015798
3 0.444876 0.749268 0.015413 0.015798
3 0.472362 0.739442 0.046753 0.020037
3 0.445646 0.722295 0.023120 0.015798
3 0.445133 0.684413 0.010789 0.008092
3 0.421756 0.790377 0.018496 0.010404
3 0.391187 0.802323 0.025175 0.019652
3 0.352654 0.779203 0.016954 0.010404
3 0.395554 0.762441 0.014386 0.007707
3 0.401205 0.780552 0.014386 0.006936
3 0.376545 0.769184 0.020551 0.020422
3 0.356508 0.764175 0.015413 0.014257
3 0.393499 0.668692 0.100699 0.159525
3 0.464399 0.603897 0.040074 0.029670
3 0.425866 0.563131 0.115084 0.050092
3 0.513207 0.283655 0.085286 0.050863
3 0.496253 0.334518 0.113029 0.050863
3 0.471335 0.399313 0.118681 0.078221
3 0.454381 0.487860 0.092992 0.099414