3 0.092845 0.857173 0.016441 0.013211
3 0.048221 0.832292 0.012918 0.012771
3 0.071414 0.855852 0.007633 0.005284
3 0.223196 0.768156 0.015266 0.010129
3 0.261655 0.741733 0.015853 0.015413
3 0.294830 0.717513 0.022312 0.015413
3 0.228774 0.734467 0.021725 0.017615
3 0.212333 0.749220 0.020551 0.010129
3 0.153030 0.736229 0.021725 0.011450
3 0.172993 0.700338 0.045212 0.019817
3 0.245215 0.696375 0.032294 0.017175
3 0.260187 0.680521 0.023487 0.015413
3 0.050826 0.742834 0.101652 0.029945
3 0.112515 0.669512 0.095708 0.113176
3 0.196186 0.572410 0.050496 0.043157
3 0.475145 0.637736 0.035817 0.018496
3 0.253077 0.628643 0.182370 0.121233
3 0.467273 0.539402 0.046386 0.028184
3 0.276444 0.558779 0.024074 0.021138
3 0.319601 0.513861 0.024661 0.018496
3 0.534503 0.523329 0.044625 0.027744
3 0.432630 0.447144 0.067524 0.059450
3 0.403859 0.525751 0.115671 0.093359
3 0.476668 0.487879 0.013505 0.007927
3 0.764562 0.476360 0.024661 0.015413
3 0.500273 0.469913 0.047560 0.026863
3 0.564274 0.475418 0.053432 0.038753
3 0.619761 0.460885 0.045799 0.029945
3 0.660569 0.446353 0.032294 0.032588
3 0.656753 0.422132 0.010569 0.009688
3 0.640606 0.431160 0.015853 0.009248
3 0.700790 0.415307 0.023487 0.017175
3 0.722515 0.397031 0.032881 0.016734
3 0.743653 0.401875 0.009395 0.010569
3 0.814113 0.374132 0.014092 0.013211
3 0.839361 0.354095 0.011743 0.009248
3 0.979170 0.250249 0.024074 0.011450
3 0.964491 0.241662 0.026422 0.021578
3 0.982106 0.271387 0.012330 0.010569
3 0.932491 0.294507 0.054019 0.035670
3 0.574256 0.421843 0.109800 0.066937
3 0.678771 0.361072 0.110974 0.105690
3 0.759800 0.346980 0.052258 0.093359
3 0.878701 0.301181 0.048147 0.072221
3 0.819397 0.322980 0.068111 0.091157