3 0.053135 0.619159 0.053053 0.039587
3 0.027095 0.581519 0.022390 0.021416
3 0.077471 0.454645 0.040398 0.057109
3 0.242959 0.614941 0.048186 0.063599
3 0.336167 0.610723 0.042832 0.049971
3 0.257804 0.488067 0.062301 0.062950
3 0.119330 0.495530 0.065708 0.051918
3 0.185281 0.552640 0.142125 0.075281
3 0.219596 0.509159 0.013142 0.014277
3 0.490605 0.379040 0.038452 0.040885
3 0.407861 0.388774 0.046239 0.034395
3 0.547552 0.478332 0.081284 0.161594
3 0.454587 0.480279 0.105620 0.149912
3 0.612142 0.522138 0.020443 0.025959
3 0.764975 0.658747 0.047699 0.048673
3 0.991758 0.708393 0.016484 0.027257
3 0.874732 0.689573 0.083231 0.081770
3 0.654488 0.546150 0.061328 0.055812
3 0.727740 0.514675 0.088098 0.139529
3 0.812431 0.522787 0.082257 0.147965
3 0.924865 0.571237 0.142611 0.150561
3 0.845529 0.604334 0.013142 0.015575