3 0.463420 0.733148 0.043157 0.321619
3 0.427392 0.871609 0.034294 0.127928
3 0.421804 0.752672 0.035450 0.101726
3 0.576320 0.869554 0.013872 0.015927
3 0.583064 0.847719 0.014257 0.015413
3 0.555320 0.868270 0.023505 0.046239
3 0.511393 0.879829 0.025817 0.037505
3 0.660322 0.968198 0.033909 0.061139
3 0.603101 0.933518 0.064350 0.124332
3 0.654542 0.885224 0.041615 0.104809
3 0.661863 0.781956 0.053175 0.096589
3 0.585183 0.782727 0.098644 0.118681
3 0.606569 0.645133 0.143727 0.165434
3 0.461493 0.486226 0.042386 0.166461
3 0.498484 0.546594 0.037762 0.033395
3 0.492897 0.472098 0.018881 0.031340
3 0.655120 0.502410 0.042771 0.056001
3 0.571118 0.474666 0.109818 0.170058
3 0.471512 0.299495 0.118681 0.287197
3 0.594238 0.266389 0.126773 0.246095
3 0.614082 0.082717 0.021578 0.040074
3 0.606569 0.125873 0.017340 0.020551
3 0.571118 0.131782 0.028129 0.034423