3 0.612881 0.978906 0.059891 0.042188
3 0.525980 0.965034 0.054019 0.069931
3 0.518347 0.831797 0.046973 0.060331
3 0.515998 0.656397 0.073983 0.084111
3 0.464621 0.564882 0.068698 0.093359
3 0.530090 0.602314 0.063414 0.022899
3 0.479594 0.487246 0.049322 0.061652
3 0.540659 0.444089 0.086900 0.074863
3 0.559155 0.371957 0.067524 0.068258
3 0.545357 0.276837 0.065762 0.141360
3 0.600257 0.325938 0.032294 0.020257
3 0.344253 0.312067 0.082790 0.142241
3 0.424694 0.421719 0.034643 0.035670
3 0.458456 0.348108 0.035230 0.046680
3 0.360693 0.146576 0.102754 0.132993
3 0.358051 0.048881 0.064588 0.049322
3 0.526861 0.082570 0.031120 0.061212
3 0.477539 0.079267 0.068698 0.122424
3 0.460218 0.200150 0.035230 0.069139
3 0.453465 0.273162 0.019376 0.011450
3 0.501026 0.257309 0.020551 0.011450
3 0.404437 0.379203 0.028184 0.025982