3 0.462537 0.670394 0.052273 0.060071
3 0.470757 0.722562 0.027401 0.034778
3 0.491413 0.782727 0.023185 0.022764
3 0.512070 0.569459 0.012225 0.018338
3 0.517339 0.525828 0.046371 0.058174
3 0.582048 0.443783 0.021499 0.026242
3 0.618090 0.422600 0.023607 0.018654
3 0.578254 0.472238 0.024872 0.027506
3 0.542211 0.469392 0.043842 0.066711
3 0.582048 0.343734 0.055224 0.174301
3 0.571087 0.232238 0.065341 0.071453
3 0.330591 0.422708 0.085154 0.148282
3 0.400147 0.328130 0.020235 0.014544
3 0.451787 0.314283 0.073772 0.061020
3 0.390240 0.213644 0.041734 0.052167
3 0.605444 0.083942 0.050586 0.078725
3 0.456044 0.514361 0.034179 0.037316
3 0.445228 0.465363 0.035044 0.029528
3 0.514019 0.424153 0.032449 0.033422
3 0.428139 0.414419 0.012114 0.012006
3 0.525484 0.267016 0.019036 0.020767
3 0.522023 0.306117 0.057109 0.071062
3 0.467293 0.215438 0.021200 0.021416
3 0.464048 0.244317 0.017306 0.012330