3 0.985442 0.521846 0.029116 0.174868
3 0.930109 0.512598 0.019336 0.021859
3 0.927797 0.595829 0.100465 0.125546
3 0.736278 0.622259 0.108872 0.137316
3 0.656831 0.584147 0.047500 0.037552
3 0.612273 0.602362 0.091217 0.076225
3 0.632661 0.520813 0.268187 0.079027
3 0.536399 0.464205 0.059691 0.028584
3 0.642749 0.433659 0.171505 0.090797
3 0.536905 0.635430 0.058009 0.146845
3 0.576839 0.649162 0.024381 0.018496
3 0.470278 0.636271 0.033208 0.045398
3 0.441484 0.633749 0.016814 0.029145
3 0.338496 0.523896 0.077346 0.162538
3 0.407015 0.472332 0.052965 0.117700
3 0.470068 0.519131 0.073983 0.179913
3 0.405753 0.562849 0.056328 0.057729
3 0.281663 0.519131 0.040354 0.109293
3 0.193644 0.440385 0.099204 0.187199