3 0.681571 0.360931 0.056001 0.046625
3 0.502009 0.415454 0.026716 0.030055
3 0.624542 0.411987 0.017982 0.012330
3 0.688507 0.435491 0.110974 0.094020
3 0.651002 0.500419 0.050349 0.035835
3 0.544394 0.454180 0.031340 0.025046
3 0.595514 0.430675 0.047267 0.038147
3 0.592689 0.470171 0.044698 0.031597
3 0.423402 0.492827 0.018496 0.012716
3 0.482742 0.552745 0.049836 0.056258
3 0.396325 0.648920 0.142314 0.108662
3 0.354966 0.751225 0.057542 0.039689
3 0.447188 0.744674 0.090937 0.082845
3 0.520400 0.704022 0.041102 0.027744
3 0.399150 0.936729 0.053432 0.062423
3 0.345718 0.895885 0.054460 0.033909
3 0.387847 0.818434 0.116112 0.060111
3 0.559446 0.834425 0.029799 0.056643
3 0.493941 0.854462 0.102240 0.135250
3 0.419958 0.889719 0.038533 0.036221
3 0.294598 0.911490 0.034423 0.026588
3 0.399150 0.981851 0.059597 0.036298
3 0.982204 0.851644 0.035591 0.131396
3 0.991966 0.739129 0.016068 0.034294
3 0.990682 0.637421 0.018636 0.024276
3 0.993250 0.569489 0.013499 0.028129
3 0.993764 0.463602 0.012472 0.028514
3 0.650183 0.643646 0.055487 0.201141
3 0.708495 0.636325 0.060111 0.184186
3 0.580567 0.603958 0.032367 0.023120
3 0.611136 0.600104 0.021578 0.060882
3 0.580310 0.687381 0.056515 0.028900
3 0.597008 0.656555 0.048808 0.030441