3 0.613588 0.084973 0.020680 0.020908
3 0.512092 0.074787 0.028843 0.012330
3 0.494677 0.060312 0.021224 0.024125
3 0.555357 0.325308 0.020680 0.012330
3 0.527058 0.223364 0.102312 0.162976
3 0.503385 0.339783 0.047347 0.063797
3 0.561616 0.426791 0.016871 0.018764
3 0.509643 0.415533 0.015238 0.014475
3 0.530051 0.381222 0.097414 0.057363
3 0.680799 0.972230 0.038639 0.038064
3 0.654404 0.886721 0.022857 0.032166
3 0.617125 0.928805 0.027755 0.041280
3 0.578758 0.905484 0.013061 0.016083
3 0.536854 0.816223 0.025034 0.030558
3 0.660391 0.811666 0.009796 0.015011
3 0.596990 0.811398 0.087619 0.183885
3 0.608146 0.996167 0.030476 0.007666
3 0.659030 0.633703 0.038639 0.040744
3 0.608690 0.579289 0.032653 0.030558
3 0.518351 0.442849 0.060952 0.065405
3 0.579303 0.474480 0.058775 0.073983
3 0.529507 0.536668 0.066938 0.127593
3 0.577126 0.659168 0.143673 0.117407
3 0.576037 0.568566 0.022857 0.062724