3 0.379250 0.026795 0.086629 0.053590
3 0.396956 0.140378 0.051219 0.051219
3 0.510143 0.125676 0.022132 0.032249
3 0.564523 0.131367 0.060071 0.055961
3 0.548083 0.201318 0.071453 0.079199
3 0.453866 0.149625 0.038572 0.030826
3 0.442800 0.205112 0.087262 0.082045
3 0.499710 0.220051 0.016441 0.015176
3 0.444064 0.273945 0.075880 0.051219
3 0.559465 0.271811 0.094217 0.062127
3 0.569582 0.356131 0.061336 0.080622
3 0.523422 0.377709 0.052483 0.073508
3 0.409919 0.420703 0.068292 0.079199
3 0.461137 0.418094 0.075880 0.143223
3 0.542392 0.527483 0.087894 0.140378
3 0.651785 0.560206 0.019602 0.022764
3 0.632815 0.474130 0.053748 0.115242
3 0.446910 0.543133 0.038572 0.055961
3 0.380199 0.501873 0.025293 0.023712
3 0.437741 0.495945 0.025293 0.020393
3 0.442167 0.641206 0.024029 0.022290
3 0.647043 0.723962 0.026558 0.023712
3 0.638822 0.758108 0.022764 0.013279
3 0.479791 0.988950 0.036043 0.022100
3 0.463667 0.967229 0.027823 0.018496
3 0.474732 0.853173 0.027190 0.021815
3 0.557884 0.912359 0.104967 0.175282
3 0.462402 0.770268 0.041734 0.041260
3 0.482004 0.739442 0.018970 0.011856
3 0.484534 0.703162 0.034146 0.025609
3 0.453549 0.671150 0.020235 0.020393
3 0.493386 0.650995 0.016441 0.017073
3 0.560729 0.693677 0.118246 0.121408