3 0.016248 0.555577 0.025817 0.018496
3 0.044184 0.591027 0.065506 0.051377
3 0.148030 0.600275 0.018881 0.015413
3 0.245132 0.584862 0.054331 0.064735
3 0.342620 0.580238 0.040459 0.051377
3 0.080983 0.416193 0.045854 0.060625
3 0.267674 0.454983 0.060882 0.061139
3 0.176737 0.495137 0.184186 0.126387
3 0.496130 0.353593 0.042771 0.038533
3 0.417331 0.359245 0.041615 0.029285
3 0.495552 0.450953 0.174168 0.150021
3 0.605449 0.494623 0.028514 0.028771
3 0.950087 0.667916 0.033138 0.022606
3 0.848361 0.645567 0.073212 0.071414
3 0.745479 0.619878 0.038533 0.045725
3 0.784397 0.514813 0.337546 0.194205