3 0.592011 0.025634 0.035910 0.029204
3 0.552856 0.068629 0.038938 0.047699
3 0.549611 0.131741 0.071387 0.062950
3 0.664695 0.093614 0.023796 0.021741
3 0.646092 0.137582 0.045428 0.039587
3 0.644794 0.175060 0.016873 0.015900
3 0.617537 0.213512 0.027257 0.036342
3 0.596986 0.205724 0.021632 0.037640
3 0.588549 0.240768 0.016873 0.019469
3 0.474979 0.213349 0.023363 0.023038
3 0.534252 0.218379 0.050187 0.083068
3 0.451400 0.499561 0.025526 0.025310
3 0.482334 0.494207 0.039804 0.041210
3 0.496396 0.404000 0.109460 0.136608
3 0.381948 0.400335 0.052273 0.036359
3 0.369512 0.479218 0.056067 0.079041
3 0.443495 0.571884 0.039626 0.048373
3 0.411246 0.553230 0.015598 0.012963
3 0.516634 0.532205 0.019813 0.014544
3 0.342743 0.620623 0.017705 0.022132
3 0.373095 0.631373 0.023607 0.018970
3 0.384266 0.605131 0.018127 0.010117
3 0.528859 0.718728 0.054380 0.093585
3 0.460146 0.741650 0.020656 0.030668
3 0.407663 0.677627 0.078409 0.097379
3 0.381948 0.918935 0.041312 0.024977
3 0.326935 0.739570 0.046793 0.049006
3 0.423682 0.729769 0.032881 0.027506
3 0.325038 0.843480 0.068292 0.116250
3 0.342322 0.970628 0.020235 0.017705
3 0.329886 0.926523 0.018127 0.024977
3 0.352228 0.900123 0.033303 0.020235
3 0.612538 0.365927 0.118878 0.225614