3 0.694862 0.865598 0.072339 0.072010
3 0.695849 0.773366 0.053268 0.079901
3 0.319359 0.955117 0.051295 0.057707
3 0.473901 0.677528 0.081545 0.082861
3 0.450884 0.613903 0.060501 0.032552
3 0.501850 0.606751 0.046691 0.039951
3 0.442335 0.527589 0.036827 0.037485
3 0.714920 0.545838 0.048007 0.027620
3 0.735635 0.595160 0.082861 0.049322
3 0.658693 0.583816 0.042088 0.062145
3 0.658364 0.493164 0.051952 0.054747
3 0.462063 0.436367 0.073654 0.091739
3 0.510070 0.397156 0.048664 0.037978
3 0.578463 0.370946 0.068393 0.049322
3 0.522894 0.344559 0.038800 0.054747
3 0.713605 0.205818 0.122976 0.130703
3 0.321989 0.427073 0.056556 0.148459
3 0.379984 0.503699 0.078915 0.881628
3 0.325730 0.522811 0.029593 0.039457
3 0.500548 0.537197 0.063570 0.073161
3 0.580559 0.541718 0.061378 0.054254
3 0.651254 0.411015 0.112892 0.060830
3 0.728524 0.325113 0.105220 0.089601
3 0.603453 0.309394 0.023674 0.023674
3 0.629758 0.323204 0.035512 0.022688
3 0.443979 0.273983 0.048007 0.063625
3 0.313440 0.208631 0.060501 0.050308
3 0.452857 0.068804 0.065762 0.137608
3 0.642252 0.020715 0.085491 0.041430
3 0.742540 0.029593 0.050637 0.059186