3 0.968309 0.823736 0.063381 0.058676
3 0.935485 0.747773 0.088439 0.051873
3 0.990136 0.747560 0.019728 0.057400
3 0.941097 0.615267 0.117805 0.069731
3 0.954136 0.660125 0.091727 0.019984
3 0.963774 0.682872 0.072452 0.024661
3 0.992687 0.706683 0.014626 0.021259
3 0.974319 0.701368 0.018708 0.011480
3 0.921312 0.674794 0.009071 0.009354
3 0.448892 0.436283 0.086738 0.069731
3 0.529111 0.480987 0.068030 0.043794
3 0.269924 0.569938 0.087305 0.049322
3 0.117423 0.500845 0.120187 0.093116
3 0.234208 0.385406 0.029480 0.020409
3 0.378488 0.456200 0.059526 0.043794
3 0.332568 0.509987 0.039117 0.022960