3 0.418599 0.887793 0.056470 0.079344
3 0.486148 0.837935 0.030022 0.036455
3 0.547265 0.800675 0.020729 0.025197
3 0.537257 0.754034 0.023589 0.016619
3 0.539759 0.712486 0.021444 0.013939
3 0.565850 0.657267 0.039314 0.040744
3 0.524748 0.900123 0.022874 0.032166
3 0.475069 0.947569 0.026448 0.036991
3 0.473639 0.908165 0.013581 0.023589
3 0.461845 0.869029 0.020015 0.022516
3 0.537615 0.860183 0.017155 0.016619
3 0.374281 0.793438 0.205150 0.127593
3 0.414310 0.692214 0.136529 0.073447
3 0.520459 0.640137 0.070051 0.087922
3 0.301013 0.557040 0.035740 0.019300
3 0.433610 0.624858 0.099358 0.055219
3 0.412166 0.555348 0.196572 0.083097
3 0.398584 0.477344 0.095070 0.068622
3 0.568709 0.554544 0.040744 0.031094
3 0.634114 0.509779 0.022874 0.017692
3 0.533326 0.476188 0.175843 0.142068
3 0.652341 0.409016 0.050751 0.026269
3 0.634114 0.447884 0.031452 0.048250
3 0.472567 0.223716 0.072911 0.069158
3 0.545835 0.183508 0.072196 0.085241
3 0.542261 0.068513 0.042174 0.033239
3 0.584792 0.123573 0.058614 0.056291
3 0.549052 0.315926 0.087207 0.180132
3 0.635543 0.271882 0.084347 0.082024
3 0.646266 0.158688 0.104362 0.134027
3 0.656988 0.025465 0.071481 0.050930
3 0.693086 0.059240 0.126521 0.104541