3 0.295503 0.142485 0.052918 0.052062
3 0.532551 0.271270 0.132039 0.079463
3 0.585782 0.325730 0.024147 0.029456
3 0.412225 0.301411 0.028257 0.024661
3 0.453326 0.260652 0.022092 0.026716
3 0.426096 0.375255 0.104295 0.132210
3 0.534245 0.370460 0.085286 0.077408
3 0.556080 0.452320 0.046753 0.080833
3 0.499565 0.405053 0.049836 0.119194
3 0.691563 0.394093 0.054460 0.028771
3 0.682058 0.427317 0.036478 0.033566
3 0.605506 0.520823 0.047781 0.032881
3 0.596515 0.460198 0.032881 0.084258
3 0.650975 0.485886 0.024661 0.034251
3 0.624773 0.484174 0.022606 0.044527
3 0.608075 0.392723 0.056001 0.050692
3 0.767343 0.464308 0.089910 0.086998
3 0.770169 0.401628 0.047267 0.049322
3 0.911255 0.506095 0.045212 0.052747
3 0.829052 0.604053 0.030826 0.050007
3 0.801308 0.646182 0.022606 0.030141
3 0.754812 0.626317 0.025175 0.026031
3 0.761748 0.595148 0.019523 0.037676
3 0.728610 0.610903 0.026202 0.026716
3 0.705234 0.594120 0.013358 0.016441
3 0.646407 0.529043 0.035450 0.052062
3 0.627911 0.576652 0.016954 0.017126
3 0.479585 0.503012 0.031854 0.023291
3 0.415364 0.498217 0.036991 0.024661
3 0.294732 0.385766 0.104809 0.125360
3 0.153959 0.326168 0.084258 0.081518
3 0.221520 0.335416 0.052918 0.063022