3 0.479491 0.186770 0.044063 0.092116
3 0.451747 0.296294 0.041887 0.131283
3 0.411764 0.347791 0.036991 0.171901
3 0.377765 0.377994 0.029919 0.109523
3 0.355189 0.395402 0.014144 0.074708
3 0.337509 0.456080 0.024480 0.054399
3 0.475139 0.398779 0.088670 0.126931
3 0.513218 0.509391 0.017952 0.029013
3 0.466435 0.519182 0.071263 0.112425
3 0.391364 0.514468 0.077791 0.163923
3 0.472147 0.602334 0.050047 0.058751
3 0.438420 0.676792 0.060927 0.202365
3 0.484931 0.660835 0.026656 0.055850
3 0.524370 0.567632 0.028288 0.034815
3 0.374501 0.637262 0.065823 0.081236
3 0.331968 0.559948 0.038623 0.073983
3 0.295792 0.573366 0.032639 0.083412
3 0.305312 0.666207 0.089758 0.137086
3 0.381471 0.743091 0.066911 0.128382
3 0.383919 0.851164 0.032639 0.089214
3 0.241121 0.652426 0.038623 0.074708
3 0.539303 0.218866 0.037916 0.053021
3 0.520808 0.138101 0.043465 0.091245