3 0.732228 0.103268 0.049322 0.030826
3 0.601388 0.022863 0.027401 0.026202
3 0.558574 0.022092 0.025346 0.021578
3 0.586317 0.079120 0.042472 0.025688
3 0.786002 0.038019 0.096589 0.076038
3 0.613718 0.208919 0.057542 0.105836
3 0.628104 0.328628 0.075353 0.105836
3 0.679481 0.239232 0.082203 0.068845
3 0.575700 0.520576 0.071928 0.115084
3 0.582550 0.629134 0.070558 0.104809
3 0.644887 0.411144 0.023976 0.020551
3 0.601731 0.423731 0.017126 0.021065
3 0.506512 0.601904 0.037676 0.069873
3 0.509595 0.768085 0.086313 0.115084
3 0.384920 0.781956 0.027401 0.031854
3 0.438352 0.769626 0.032881 0.046239
3 0.495209 0.854398 0.105494 0.060625
3 0.509595 0.236848 0.036991 0.030826
3 0.553094 0.215012 0.028086 0.052918
3 0.628104 0.091708 0.061652 0.077579
3 0.680166 0.030569 0.063022 0.045725
3 0.341763 0.915536 0.097274 0.060625
3 0.329090 0.822287 0.036306 0.034423
3 0.393825 0.842581 0.024661 0.025688
3 0.356834 0.774507 0.030141 0.030312
3 0.409581 0.865958 0.020551 0.011817