3 0.549199 0.081134 0.115084 0.162268
3 0.388738 0.243966 0.028278 0.020715
3 0.327908 0.151981 0.038142 0.041924
3 0.471270 0.269860 0.042088 0.052774
3 0.549856 0.234348 0.080888 0.093218
3 0.549856 0.342686 0.116400 0.119852
3 0.369667 0.379994 0.078257 0.055734
3 0.562680 0.481181 0.073654 0.069051
3 0.560378 0.590228 0.120345 0.042910
3 0.419318 0.586776 0.038142 0.025154
3 0.521907 0.916893 0.047349 0.036498
3 0.350596 0.904316 0.017756 0.014303
3 0.409125 0.725277 0.020386 0.023181
3 0.619564 0.913933 0.024332 0.016769
3 0.554460 0.725200 0.091410 0.229840
3 0.381833 0.342263 0.042088 0.040937
3 0.360460 0.071763 0.051952 0.043896