3 0.049420 0.434217 0.095512 0.206095
3 0.141800 0.421593 0.093946 0.166755
3 0.237704 0.418951 0.096295 0.116846
3 0.325778 0.425997 0.043842 0.027597
3 0.144149 0.536090 0.092381 0.064588
3 0.260407 0.568972 0.133874 0.108038
3 0.317558 0.495282 0.091598 0.041689
3 0.397804 0.565742 0.151880 0.175562
3 0.475310 0.467979 0.222340 0.106864
3 0.780782 0.704698 0.056368 0.062827
3 0.731460 0.675927 0.082986 0.072221
3 0.605807 0.601945 0.260701 0.129763
3 0.868942 0.701350 0.034447 0.019376
3 0.951695 0.737754 0.096610 0.078093
3 0.939951 0.589999 0.120097 0.109800
3 0.671655 0.497521 0.164406 0.073983
3 0.808660 0.569449 0.137788 0.153250
3 0.673612 0.675138 0.032098 0.017028