3 0.377887 0.975586 0.023674 0.014797
3 0.417345 0.927497 0.038142 0.027127
3 0.364735 0.934155 0.017098 0.023674
3 0.390382 0.903329 0.038142 0.022195
3 0.359803 0.851788 0.054583 0.116400
3 0.444636 0.847102 0.028278 0.024168
3 0.417674 0.820469 0.025647 0.018249
3 0.344677 0.770654 0.015125 0.015290
3 0.382491 0.787670 0.021044 0.011837
3 0.464036 0.991862 0.027620 0.014797
3 0.594903 0.981751 0.023674 0.029100
3 0.463050 0.928977 0.016441 0.012330
3 0.465680 0.947226 0.016441 0.012330
3 0.396301 0.717725 0.023674 0.023181
3 0.364077 0.683940 0.019729 0.023674
3 0.328566 0.728822 0.013152 0.011837
3 0.366708 0.743619 0.046034 0.050308
3 0.503494 0.749044 0.030251 0.027620
3 0.574846 0.720191 0.057213 0.095191
3 0.540978 0.760635 0.014468 0.020222
3 0.463707 0.734494 0.034854 0.026141
3 0.384135 0.623027 0.021702 0.024168
3 0.413399 0.634371 0.027620 0.020222
3 0.425565 0.606998 0.019071 0.009864
3 0.452857 0.556196 0.018413 0.011837
3 0.483765 0.575678 0.040773 0.061652
3 0.531114 0.595900 0.030251 0.054747
3 0.524209 0.659525 0.063790 0.069544
3 0.565310 0.580610 0.038142 0.030086
3 0.581422 0.611683 0.015125 0.014303
3 0.570900 0.651387 0.030908 0.042417
3 0.445952 0.686899 0.079573 0.102589
3 0.561365 0.533608 0.019729 0.016276
3 0.569914 0.521524 0.011837 0.009864
3 0.539663 0.521524 0.021044 0.017756
3 0.415701 0.480264 0.074312 0.082861
3 0.428196 0.401349 0.048007 0.037485
3 0.513687 0.493827 0.065105 0.036991
3 0.538019 0.402512 0.115084 0.143033
3 0.576490 0.276025 0.056556 0.028113
3 0.534731 0.290575 0.026963 0.017756
3 0.522236 0.210851 0.023017 0.024168
3 0.579778 0.216276 0.049979 0.082367
3 0.636334 0.241677 0.017098 0.021702
3 0.650144 0.287300 0.019729 0.029100
3 0.595561 0.127990 0.071023 0.066584
3 0.639951 0.019236 0.036169 0.024661
3 0.600493 0.064858 0.041430 0.049815
3 0.714591 0.090012 0.023674 0.017263
3 0.698150 0.135388 0.044718 0.040937
3 0.648171 0.206905 0.030251 0.030086
3 0.667242 0.211837 0.026305 0.037978
3 0.694205 0.172133 0.021044 0.017756
3 0.832306 0.073983 0.013152 0.018742