3 0.726734 0.007574 0.034760 0.015148
3 0.692678 0.070636 0.025835 0.022195
3 0.686102 0.034349 0.039927 0.022899
3 0.643121 0.018848 0.022547 0.023604
3 0.613293 0.012683 0.034290 0.025366
3 0.596383 0.034878 0.019259 0.010569
3 0.580647 0.017791 0.015031 0.014444
3 0.534378 0.011802 0.028654 0.017967
3 0.543069 0.046856 0.031002 0.036639
3 0.414597 0.034525 0.027714 0.028184
3 0.481064 0.059715 0.026305 0.032059
3 0.495391 0.085080 0.017380 0.014444
3 0.477541 0.091598 0.024896 0.023252
3 0.531560 0.102871 0.024896 0.026070
3 0.585110 0.096001 0.025835 0.027127
3 0.613763 0.100934 0.021138 0.022195
3 0.631848 0.082438 0.018789 0.018320
3 0.654865 0.068170 0.024426 0.014444
3 0.608361 0.067641 0.021608 0.021843
3 0.633257 0.056544 0.023487 0.016558
3 0.581821 0.054959 0.016441 0.014092
3 0.610475 0.141497 0.023017 0.014092
3 0.576654 0.138327 0.020198 0.016206
3 0.543773 0.138503 0.018320 0.012330
3 0.526158 0.136037 0.030063 0.030650
3 0.553403 0.170210 0.014092 0.009512
3 0.658857 0.207025 0.023017 0.021138
3 0.494686 0.168272 0.017850 0.014092
3 0.457342 0.191700 0.034290 0.037696
3 0.442374 0.216075 0.029467 0.024442
3 0.504081 0.203502 0.021608 0.018320
3 0.513241 0.233271 0.023017 0.017967
3 0.577829 0.245833 0.016910 0.014444
3 0.613059 0.272432 0.025366 0.033116
3 0.701603 0.330913 0.016441 0.016910
3 0.555047 0.241958 0.023956 0.015853
3 0.578064 0.197744 0.040867 0.026775
3 0.562797 0.221524 0.024426 0.021490
3 0.537667 0.281112 0.023017 0.017615
3 0.571722 0.309120 0.015971 0.010217
3 0.548940 0.343117 0.044625 0.026070
3 0.548470 0.320218 0.019259 0.019024
3 0.366919 0.325964 0.021608 0.019729
3 0.549175 0.428131 0.036639 0.020433
3 0.540955 0.387969 0.008925 0.011978
3 0.522870 0.382685 0.011274 0.010569
3 0.498444 0.422015 0.015031 0.011978
3 0.461100 0.523758 0.025835 0.021490
3 0.403088 0.962832 0.013152 0.011274
3 0.439023 0.890259 0.014562 0.013387
3 0.380776 0.930773 0.009864 0.009160
3 0.364570 0.918795 0.016910 0.011978
3 0.328166 0.941794 0.013622 0.010768
3 0.436909 0.760574 0.016910 0.013740
3 0.465563 0.701741 0.018789 0.014444
3 0.469321 0.664925 0.017850 0.020433
3 0.402619 0.656294 0.017850 0.010921
3 0.398861 0.674614 0.025366 0.015149
3 0.406611 0.718827 0.021138 0.016206
3 0.441606 0.734152 0.034760 0.019376
3 0.411779 0.743312 0.023956 0.022899
3 0.486936 0.754762 0.012683 0.009160
3 0.511362 0.788758 0.009864 0.009512
3 0.437144 0.791401 0.021138 0.007751
3 0.386413 0.824093 0.012683 0.009512
3 0.401754 0.865133 0.016019 0.012330
3 0.376461 0.861339 0.013490 0.012330
3 0.399014 0.844898 0.021499 0.018654
3 0.429366 0.835887 0.017284 0.017073
3 0.344805 0.945913 0.014754 0.007588
3 0.355765 0.801490 0.023185 0.020551
3 0.385063 0.790898 0.020235 0.011382
3 0.363353 0.778884 0.010539 0.008220
3 0.355765 0.759281 0.010539 0.008853
3 0.311291 0.779042 0.013490 0.011066
3 0.340800 0.657224 0.094428 0.181163
3 0.429116 0.595947 0.024872 0.025293
3 0.395391 0.558640 0.036675 0.145436
3 0.351550 0.540208 0.050165 0.051219
3 0.435017 0.516970 0.039205 0.091372
3 0.422371 0.388577 0.131103 0.190332
3 0.459678 0.262126 0.086840 0.060704
3 0.908291 0.048689 0.018970 0.012014
3 0.885527 0.027032 0.020656 0.011698
3 0.870983 0.053906 0.016862 0.009801
3 0.867822 0.097063 0.015598 0.010117