3 0.938102 0.504256 0.034179 0.018496
3 0.897649 0.513828 0.032881 0.018171
3 0.819773 0.521616 0.083934 0.051269
3 0.875800 0.520156 0.025526 0.044455
3 0.901327 0.482353 0.030718 0.013628
3 0.673274 0.491763 0.032881 0.024012
3 0.760669 0.533946 0.038938 0.044779
3 0.713943 0.536380 0.059705 0.081446
3 0.668258 0.549684 0.046726 0.082095
3 0.625426 0.526970 0.022498 0.024985
3 0.627373 0.569315 0.040236 0.054514
3 0.188060 0.549892 0.017739 0.012655
3 0.184599 0.612680 0.009086 0.006490
3 0.184815 0.621116 0.012114 0.005841
3 0.172701 0.629553 0.018171 0.011033
3 0.317854 0.598402 0.142341 0.066844
3 0.405898 0.576013 0.013845 0.009735
3 0.420608 0.605054 0.054514 0.025634
3 0.454571 0.588992 0.054081 0.057109
3 0.511680 0.596293 0.064464 0.036018
3 0.496537 0.567252 0.017739 0.008437
3 0.536213 0.548756 0.064032 0.039587
3 0.562820 0.578446 0.095615 0.048348
3 0.918301 0.530098 0.020767 0.010059