3 0.483536 0.968557 0.042155 0.062885
3 0.514309 0.981678 0.016862 0.036644
3 0.428523 0.884315 0.043420 0.046160
3 0.466884 0.851434 0.051008 0.065762
3 0.438219 0.729567 0.038361 0.036991
3 0.443488 0.666556 0.054802 0.088843
3 0.497869 0.601426 0.025293 0.023080
3 0.508407 0.752914 0.083468 0.051219
3 0.477212 0.798283 0.088526 0.038256
3 0.519368 0.676041 0.102016 0.104018
3 0.596723 0.585677 0.049322 0.067027
3 0.470678 0.526460 0.045106 0.072086
3 0.556254 0.497803 0.110869 0.072718
3 0.509672 0.437840 0.083468 0.103070
3 0.634874 0.363017 0.051430 0.036043
3 0.637824 0.424037 0.116349 0.082835
3 0.553724 0.418030 0.050165 0.065762
3 0.550563 0.363650 0.047214 0.041734
3 0.558994 0.278774 0.043842 0.038888
3 0.628550 0.179246 0.059861 0.133422
3 0.670073 0.162647 0.026558 0.026242
3 0.586184 0.231097 0.048479 0.096747
3 0.550352 0.246273 0.032460 0.037308
3 0.631080 0.057384 0.155132 0.114768
3 0.584498 0.149072 0.052694 0.064182
3 0.539602 0.197129 0.034567 0.027506