3 0.952990 0.727815 0.094020 0.077065
3 0.869400 0.691132 0.033703 0.017263
3 0.863800 0.574609 0.272400 0.113440
3 0.730477 0.478123 0.296753 0.074599
3 0.766646 0.674794 0.078093 0.084464
3 0.700473 0.603894 0.055898 0.173243
3 0.634710 0.591563 0.069051 0.149815
3 0.529079 0.580466 0.138923 0.132552
3 0.470715 0.447605 0.216194 0.125771
3 0.310740 0.398592 0.040279 0.032676
3 0.407663 0.578000 0.101932 0.132552
3 0.304742 0.534227 0.111128 0.157213
3 0.213163 0.523746 0.069051 0.075832
3 0.139437 0.513881 0.078093 0.070900
3 0.051891 0.495077 0.100288 0.069051
3 0.134453 0.377013 0.268906 0.167078