3 0.639587 0.016954 0.038753 0.028624
3 0.598779 0.063194 0.046386 0.051524
3 0.592614 0.131672 0.072808 0.075744
3 0.576467 0.219808 0.047560 0.086754
3 0.517751 0.212982 0.025248 0.020257
3 0.653679 0.295841 0.019964 0.030386
3 0.636945 0.242556 0.020551 0.017175
3 0.648395 0.206005 0.032881 0.035670
3 0.700359 0.134885 0.055781 0.044918
3 0.668946 0.214593 0.029358 0.038753
3 0.534778 0.434249 0.118020 0.187159
3 0.403547 0.494932 0.065762 0.079267
3 0.421162 0.410160 0.059891 0.038312
3 0.479879 0.589811 0.043450 0.056808
3 0.446410 0.569554 0.018789 0.016294
3 0.560614 0.548636 0.020551 0.017615
3 0.535953 0.534545 0.015853 0.020257
3 0.417346 0.623569 0.024074 0.012771
3 0.375070 0.638321 0.017028 0.022019
3 0.406189 0.651092 0.027597 0.023780
3 0.389455 0.736587 0.017615 0.023340
3 0.355987 0.704880 0.019964 0.024221
3 0.573825 0.743130 0.061065 0.091157
3 0.355106 0.763167 0.048735 0.044037
3 0.405602 0.949886 0.032294 0.023780
3 0.380354 0.929188 0.035817 0.015853
3 0.356280 0.960895 0.024074 0.021138
3 0.349234 0.875462 0.068698 0.122424
3 0.439364 0.699175 0.086900 0.101286
3 0.456686 0.753782 0.034643 0.027303
3 0.496906 0.768534 0.028184 0.032147
3 0.525384 0.613020 0.027597 0.051964
3 0.577054 0.283752 0.045212 0.022459
3 0.531843 0.294981 0.029945 0.017615