3 0.615290 0.027867 0.069708 0.033046
3 0.541965 0.013810 0.026963 0.025647
3 0.490670 0.017509 0.037485 0.035018
3 0.443650 0.012824 0.031566 0.023674
3 0.374599 0.006412 0.027620 0.010851
3 0.485738 0.093711 0.065762 0.055240
3 0.498233 0.059679 0.030251 0.029593
3 0.591944 0.114180 0.034854 0.037978
3 0.573202 0.075216 0.046034 0.036005
3 0.547554 0.116646 0.031566 0.026141
3 0.631402 0.113933 0.023017 0.021702
3 0.564982 0.281843 0.165064 0.072503
3 0.675134 0.380564 0.124949 0.238718
3 0.536375 0.407691 0.148623 0.179531
3 0.434772 0.502142 0.046691 0.082367
3 0.542622 0.575532 0.172955 0.159803
3 0.663954 0.601672 0.071023 0.101603
3 0.415372 0.772056 0.086806 0.206658
3 0.495931 0.984464 0.042746 0.030580
3 0.735635 0.837731 0.038142 0.031073
3 0.604439 0.826141 0.287382 0.345253
3 0.448582 0.655980 0.025647 0.014797