3 0.985626 0.574879 0.028748 0.047952
3 0.956352 0.572139 0.029799 0.076266
3 0.917820 0.533777 0.046582 0.053432
3 0.865758 0.526927 0.054802 0.046125
3 0.801537 0.520990 0.070900 0.069873
3 0.814723 0.442212 0.053432 0.087683
3 0.732965 0.422511 0.053089 0.057999
3 0.649392 0.390771 0.035279 0.054802
3 0.690664 0.392370 0.048637 0.053432
3 0.701967 0.424794 0.010275 0.015071
3 0.604624 0.440778 0.030826 0.036991
3 0.567975 0.366339 0.023291 0.027858
3 0.547424 0.400590 0.052062 0.053432
3 0.566605 0.430046 0.044527 0.040188
3 0.532525 0.361544 0.024318 0.039275
3 0.508207 0.359032 0.027744 0.039731
3 0.513344 0.393740 0.016098 0.027858
3 0.693233 0.531794 0.028429 0.048865
3 0.691178 0.645736 0.036649 0.059369
3 0.747179 0.633177 0.028086 0.038818
3 0.783212 0.638793 0.039731 0.073526
3 0.827568 0.625321 0.059940 0.138832
3 0.902749 0.625164 0.102754 0.103210
3 0.866785 0.707824 0.048637 0.085857
3 0.662236 0.593739 0.056172 0.068959
3 0.557186 0.609723 0.048979 0.049779
3 0.570202 0.527684 0.146938 0.121021
3 0.497931 0.447236 0.069530 0.062109
3 0.485943 0.512085 0.037334 0.047495
3 0.414942 0.215812 0.052747 0.061652
3 0.348837 0.234079 0.038361 0.042472
3 0.280163 0.245496 0.048294 0.068959
3 0.170179 0.171392 0.039731 0.052062
3 0.215904 0.211352 0.081861 0.063479
3 0.432886 0.360366 0.093163 0.082660
3 0.388359 0.288438 0.039731 0.055715
3 0.330475 0.357398 0.113029 0.087683
3 0.245018 0.336162 0.058570 0.079920
3 0.171313 0.337075 0.095561 0.110974
3 0.162408 0.243387 0.059255 0.068181
3 0.064678 0.272612 0.129356 0.149792