3 0.966417 0.562202 0.067166 0.144540
3 0.992362 0.463216 0.015276 0.026031
3 0.882484 0.453283 0.014386 0.026716
3 0.775877 0.615634 0.112515 0.204823
3 0.689050 0.552270 0.057028 0.043842
3 0.539029 0.659134 0.045725 0.068503
3 0.550589 0.582753 0.252774 0.096589
3 0.627398 0.490617 0.364262 0.082203
3 0.663875 0.384342 0.283087 0.129470
3 0.286769 0.486411 0.086827 0.187012
3 0.446808 0.403180 0.116112 0.090423
3 0.387981 0.475793 0.117653 0.163036
3 0.229740 0.625471 0.069359 0.096589
3 0.161923 0.452502 0.126901 0.108234
3 0.157299 0.345981 0.077579 0.103439
3 0.044784 0.426129 0.025175 0.050007
3 0.081518 0.454900 0.038019 0.059597
3 0.044784 0.552516 0.035450 0.046582
3 0.154473 0.531965 0.188039 0.093163