3 0.614468 0.932234 0.061652 0.135121
3 0.668413 0.954326 0.038533 0.073469
3 0.662056 0.881114 0.031211 0.067818
3 0.672652 0.785296 0.036221 0.118681
3 0.639899 0.781186 0.027744 0.051891
3 0.588458 0.843866 0.017340 0.035450
3 0.565724 0.850288 0.017340 0.033909
3 0.626028 0.845150 0.040074 0.033909
3 0.660514 0.640509 0.046625 0.166461
3 0.601752 0.752768 0.045469 0.149507
3 0.561485 0.753025 0.033523 0.148993
3 0.617936 0.618674 0.034679 0.117653
3 0.579018 0.617133 0.040074 0.118681
3 0.532200 0.621757 0.050478 0.112515
3 0.490778 0.522190 0.013872 0.030826
3 0.510622 0.548135 0.025817 0.029285
3 0.535476 0.545823 0.020037 0.027744
3 0.656661 0.500869 0.036606 0.049836
3 0.616780 0.512172 0.019266 0.030312
3 0.564568 0.502153 0.082845 0.050349
3 0.580559 0.542741 0.068588 0.027744
3 0.641826 0.460281 0.026202 0.021065
3 0.617743 0.485456 0.013486 0.025175
3 0.548770 0.459430 0.051248 0.032367
3 0.597513 0.422182 0.048551 0.058570
3 0.548770 0.414475 0.045083 0.050349
3 0.499255 0.468678 0.017725 0.031340
3 0.481145 0.819205 0.029285 0.105323
3 0.525457 0.860820 0.016954 0.036478
3 0.503879 0.921702 0.013872 0.028771
3 0.525457 0.743681 0.037762 0.134094
3 0.474209 0.669955 0.038533 0.185984
3 0.434520 0.652663 0.037762 0.276408
3 0.473053 0.513725 0.036221 0.127904
3 0.470163 0.320817 0.105965 0.249692
3 0.563219 0.344964 0.044698 0.029799
3 0.614468 0.208333 0.053175 0.091965
3 0.548192 0.176480 0.028514 0.037505
3 0.600981 0.334873 0.019266 0.023120
3 0.602523 0.374947 0.038533 0.030312