3 0.256555 0.906289 0.042643 0.026202
3 0.282758 0.860242 0.057028 0.062038
3 0.224702 0.865059 0.056001 0.048551
3 0.205692 0.804370 0.095047 0.070515
3 0.139159 0.691102 0.051377 0.049707
3 0.354581 0.431102 0.158755 0.067818
3 0.396453 0.305751 0.028771 0.026202
3 0.478656 0.123690 0.045212 0.077065
3 0.560088 0.125231 0.046753 0.063964
3 0.346874 0.258669 0.065249 0.031597
3 0.526180 0.361202 0.057028 0.055872
3 0.594254 0.629871 0.101726 0.043542
3 0.405444 0.690174 0.076552 0.085543
3 0.505629 0.921702 0.100185 0.117139
3 0.414949 0.788957 0.024661 0.022734
3 0.451426 0.799938 0.027744 0.026202
3 0.645631 0.731615 0.067818 0.069359
3 0.054781 0.661239 0.087855 0.075524