3 0.947089 0.497443 0.105822 0.100405
3 0.947353 0.395717 0.021798 0.037872
3 0.943060 0.297073 0.018496 0.016734
3 0.927537 0.340230 0.016514 0.020257
3 0.991016 0.364450 0.017967 0.024661
3 0.859169 0.508452 0.029065 0.022019
3 0.813590 0.521664 0.017175 0.032588
3 0.885591 0.321734 0.064735 0.111855
3 0.822177 0.357404 0.060772 0.179672
3 0.757773 0.365771 0.065395 0.189361
3 0.648780 0.329220 0.148626 0.123305
3 0.769663 0.523425 0.094460 0.104809
3 0.647129 0.482911 0.146644 0.182315
3 0.594945 0.589481 0.043597 0.030826
3 0.539457 0.540600 0.062093 0.160296
3 0.485622 0.354762 0.169764 0.144442
3 0.365070 0.362248 0.035670 0.043157
3 0.439713 0.525627 0.137397 0.199049
3 0.321142 0.553371 0.101066 0.099524
3 0.189030 0.440635 0.153911 0.228113
3 0.192333 0.574508 0.153911 0.039634
3 0.137837 0.613261 0.126828 0.041395
3 0.094900 0.467498 0.029065 0.177911
3 0.299674 0.418616 0.066056 0.164700