3 0.850348 0.782621 0.034271 0.060927
3 0.822877 0.662218 0.085951 0.085588
3 0.733118 0.604918 0.038079 0.033365
3 0.711359 0.545441 0.025024 0.023210
3 0.702655 0.634656 0.013056 0.014506
3 0.684431 0.588961 0.042975 0.071081
3 0.644116 0.581231 0.035903 0.091390
3 0.502628 0.429639 0.029919 0.052223
3 0.448773 0.457564 0.023392 0.038442
3 0.075977 0.244830 0.016320 0.022485
3 0.047690 0.351452 0.010880 0.028288
3 0.033818 0.362694 0.015776 0.026112
3 0.160024 0.387718 0.126750 0.122579
3 0.238631 0.405126 0.013056 0.018133
3 0.236455 0.467866 0.046783 0.053674
3 0.272358 0.460975 0.038079 0.109523
3 0.315877 0.497242 0.050047 0.070356
3 0.315877 0.444293 0.015232 0.018133
3 0.363476 0.478746 0.061471 0.140712
3 0.419508 0.526980 0.049503 0.089214
3 0.471459 0.537134 0.052223 0.110974
3 0.483154 0.463877 0.023392 0.034090
3 0.526130 0.525166 0.054943 0.126206
3 0.590423 0.551278 0.070175 0.104446