3 0.553065 0.171158 0.029065 0.041689
3 0.580369 0.134461 0.024661 0.024661
3 0.618901 0.086607 0.023340 0.041689
3 0.612075 0.128295 0.016734 0.019376
3 0.517836 0.231930 0.029065 0.029358
3 0.497799 0.219306 0.023340 0.022899
3 0.531487 0.200223 0.010569 0.021138
3 0.439669 0.196407 0.026863 0.051083
3 0.415889 0.093653 0.013652 0.031120
3 0.502202 0.471750 0.017175 0.027597
3 0.510790 0.547586 0.022899 0.029358
3 0.661618 0.503255 0.036551 0.051083
3 0.647966 0.460098 0.025101 0.021138
3 0.656773 0.409896 0.027744 0.041689
3 0.617800 0.386703 0.033468 0.034056
3 0.628369 0.930069 0.119782 0.135048
3 0.573102 0.931537 0.011890 0.031120
3 0.549322 0.967060 0.019817 0.034056
3 0.501101 0.935353 0.013211 0.031707
3 0.521579 0.871646 0.023340 0.038166
3 0.576185 0.859022 0.046239 0.048147
3 0.653471 0.736800 0.016734 0.031120
3 0.623745 0.735038 0.024221 0.025248
3 0.425137 0.317830 0.016294 0.050496
3 0.457064 0.758352 0.108332 0.483295
3 0.468654 0.279203 0.107166 0.472184
3 0.621787 0.197605 0.062015 0.085588
3 0.658234 0.245476 0.019584 0.033365
3 0.590780 0.288270 0.139262 0.149416
3 0.660954 0.794952 0.070719 0.124755
3 0.570924 0.614727 0.119134 0.441686
3 0.656874 0.647712 0.073439 0.163923
3 0.623691 0.511238 0.025568 0.064554
3 0.560860 0.375025 0.075071 0.031914
3 0.545900 0.904838 0.037535 0.063103