3 0.427009 0.028650 0.061342 0.057300
3 0.703815 0.132734 0.042939 0.069631
3 0.720301 0.254588 0.046773 0.049322
3 0.575764 0.182418 0.115016 0.126931
3 0.669311 0.253862 0.058275 0.250961
3 0.573847 0.325306 0.129585 0.154493
3 0.552761 0.436383 0.036805 0.031914
3 0.532058 0.509130 0.056741 0.094292
3 0.566563 0.596531 0.167157 0.113875
3 0.559278 0.713784 0.149521 0.121129
3 0.409374 0.659385 0.052141 0.052948
3 0.390971 0.811634 0.088946 0.105897
3 0.502153 0.860956 0.128818 0.213244
3 0.378703 0.961050 0.033738 0.043519