3 0.129881 0.558313 0.049322 0.043568
3 0.071003 0.401305 0.040074 0.074805
3 0.066173 0.478576 0.132346 0.087957
3 0.184751 0.402127 0.035758 0.043568
3 0.232224 0.438707 0.027127 0.037813
3 0.314221 0.527076 0.044390 0.043568
3 0.362926 0.523788 0.039457 0.045212
3 0.345356 0.466656 0.046239 0.062474
3 0.404542 0.482275 0.046239 0.047678
3 0.487772 0.593249 0.054871 0.036169
3 0.468352 0.518444 0.043157 0.105220
3 0.509351 0.540228 0.037608 0.051788
3 0.548192 0.537762 0.033909 0.038635
3 0.558056 0.476932 0.056104 0.079737
3 0.492396 0.434186 0.072750 0.081381
3 0.361077 0.285399 0.160296 0.096178
3 0.250103 0.365136 0.078915 0.064940
3 0.702438 0.425966 0.062269 0.056720
3 0.732339 0.606402 0.050555 0.055898
3 0.626606 0.557902 0.040074 0.059186
3 0.677777 0.585029 0.056104 0.078915
3 0.698739 0.496249 0.122688 0.083847
3 0.738504 0.722847 0.019729 0.037813
3 0.728948 0.748330 0.016646 0.018085
3 0.779503 0.794775 0.010481 0.017263
3 0.859651 0.669415 0.032676 0.041102
3 0.789368 0.664894 0.037608 0.046856
3 0.889244 0.527615 0.035142 0.050144
3 0.923461 0.604475 0.048089 0.088779
3 0.803856 0.530903 0.044390 0.048500
3 0.608726 0.416641 0.051171 0.038635
3 0.239827 0.612207 0.012022 0.012947
3 0.277744 0.454377 0.037916 0.064735
3 0.223181 0.586930 0.030518 0.026510
3 0.312654 0.577990 0.020808 0.024661
3 0.291384 0.592170 0.014334 0.016030
3 0.260866 0.627004 0.016184 0.020345
3 0.349877 0.625154 0.021270 0.033909
3 0.435650 0.523736 0.022657 0.025894
3 0.500575 0.663856 0.031622 0.019092
3 0.432260 0.649338 0.017302 0.021081
3 0.452397 0.659878 0.020584 0.015910
3 0.476113 0.662861 0.018496 0.013921
3 0.423013 0.620898 0.008353 0.012728
3 0.649972 0.697069 0.020286 0.027445
3 0.617455 0.674198 0.027445 0.019092
3 0.634608 0.664254 0.012231 0.012728
3 0.663843 0.676385 0.012231 0.013126
3 0.687261 0.712780 0.032815 0.031025
3 0.697852 0.655304 0.013424 0.036196
3 0.663247 0.643173 0.008651 0.009546
3 0.636398 0.593652 0.010441 0.009944
3 0.917674 0.797757 0.021181 0.023070
3 0.757478 0.727951 0.012828 0.013921
3 0.885456 0.698517 0.011634 0.025059
3 0.885456 0.606977 0.016407 0.034207