3 0.525684 0.958772 0.048479 0.079358
3 0.459290 0.560068 0.059861 0.085365
3 0.504818 0.622352 0.042999 0.027190
3 0.508190 0.657763 0.030352 0.043631
3 0.571845 0.373925 0.095271 0.049638
3 0.537277 0.286520 0.059018 0.125834
3 0.340411 0.319717 0.067449 0.139113
3 0.383832 0.178253 0.094428 0.159031
3 0.323128 0.183628 0.038783 0.048373
3 0.361911 0.070915 0.058174 0.048689
3 0.513249 0.103954 0.059018 0.059755
3 0.470882 0.101583 0.071243 0.132157
3 0.454231 0.354338 0.026136 0.043315
3 0.455285 0.208743 0.039205 0.067027
3 0.476784 0.478358 0.041734 0.054064
3 0.423247 0.424670 0.027401 0.030352
3 0.406806 0.383094 0.030773 0.024977
3 0.403855 0.296894 0.055224 0.087578
3 0.471936 0.292310 0.021921 0.029087
3 0.497862 0.270178 0.017284 0.015808
3 0.452545 0.285038 0.017705 0.013911
3 0.593133 0.331989 0.022342 0.014227