3 0.578683 0.936403 0.016006 0.019444
3 0.595578 0.981694 0.011382 0.014227
3 0.576371 0.989661 0.034146 0.020677
3 0.467531 0.850801 0.017073 0.021815
3 0.589354 0.862421 0.052286 0.079199
3 0.550050 0.833729 0.019918 0.021815
3 0.539380 0.775633 0.038414 0.046002
3 0.606960 0.719123 0.135872 0.114768
3 0.571391 0.627690 0.024898 0.034620
3 0.532799 0.584296 0.022408 0.049322
3 0.564278 0.468431 0.063312 0.096747
3 0.641817 0.415175 0.023475 0.033197
3 0.606427 0.374864 0.029522 0.058807
3 0.624033 0.231189 0.040548 0.054064
3 0.624389 0.130655 0.065446 0.131367