3 0.324085 0.858200 0.230169 0.283600
3 0.165434 0.749692 0.136457 0.064118
3 0.256679 0.645499 0.134813 0.139334
3 0.425195 0.610358 0.149610 0.424168
3 0.213111 0.478422 0.060830 0.064118
3 0.295314 0.533909 0.083847 0.066584
3 0.389848 0.289766 0.144677 0.128237
3 0.439992 0.121455 0.067406 0.048089
3 0.434135 0.188137 0.041459 0.028554
3 0.799045 0.035383 0.056470 0.020372
3 0.746149 0.044229 0.055040 0.041280
3 0.711123 0.006433 0.039314 0.012866
3 0.666805 0.003485 0.015011 0.006969
3 0.617126 0.005093 0.012867 0.010186
3 0.632852 0.039940 0.022874 0.028414
3 0.764377 0.110706 0.032881 0.030558
3 0.660014 0.093819 0.138673 0.121160
3 0.566017 0.078540 0.030737 0.053075
3 0.487745 0.175843 0.047177 0.046105
3 0.448074 0.339892 0.146536 0.131882
3 0.540284 0.220072 0.079344 0.220340
3 0.539569 0.359426 0.053611 0.045569
3 0.557797 0.444667 0.054325 0.047714
3 0.671809 0.369612 0.046463 0.038064
3 0.710409 0.298310 0.037885 0.032703
3 0.680387 0.248988 0.017870 0.014475
3 0.524916 0.638981 0.057185 0.147965
3 0.580671 0.523718 0.064333 0.087922
3 0.621772 0.401326 0.110795 0.102933
3 0.614624 0.288853 0.075055 0.095963
3 0.767236 0.150646 0.054325 0.057900
3 0.663946 0.177719 0.097929 0.061652