3 0.029996 0.587327 0.059992 0.064024
3 0.236057 0.576182 0.056910 0.063549
3 0.332626 0.573337 0.045172 0.045528
3 0.069240 0.404904 0.049796 0.065921
3 0.256865 0.445215 0.070070 0.066869
3 0.104987 0.457783 0.067225 0.070189
3 0.174346 0.507816 0.161126 0.086787
3 0.485176 0.465134 0.177132 0.117139
3 0.407103 0.348469 0.046595 0.035569
3 0.485532 0.343963 0.038414 0.036991
3 0.493713 0.383563 0.163616 0.045054
3 0.593411 0.485289 0.018851 0.034146
3 0.634387 0.506230 0.052286 0.050745
3 0.697877 0.478013 0.072560 0.136584
3 0.775594 0.492477 0.082875 0.140852
3 0.828591 0.541562 0.049440 0.102438
3 0.895994 0.551758 0.099592 0.111448
3 0.837839 0.643525 0.070070 0.069240
3 0.737536 0.612936 0.038058 0.046002
3 0.938893 0.664155 0.027032 0.023238
3 0.989543 0.641628 0.020914 0.076828