3 0.976949 0.502156 0.046102 0.130155
3 0.743196 0.463109 0.197801 0.426086
3 0.596828 0.427113 0.090423 0.329497
3 0.516937 0.514454 0.064221 0.334292
3 0.563120 0.603165 0.025688 0.037676
3 0.437969 0.592889 0.041102 0.052747
3 0.400207 0.599740 0.021065 0.045897
3 0.419474 0.552130 0.035964 0.027401
3 0.457749 0.466845 0.053946 0.200712
3 0.409142 0.417180 0.040588 0.171256
3 0.361618 0.392177 0.053432 0.160981
3 0.325141 0.499726 0.134607 0.080148
3 0.295856 0.407590 0.076038 0.100014
3 0.236259 0.407933 0.046239 0.091108
3 0.208162 0.512056 0.101212 0.121249
3 0.189153 0.421633 0.044698 0.055487
3 0.154730 0.645979 0.061139 0.072613
3 0.021493 0.317509 0.042985 0.128100
3 0.088711 0.396972 0.089396 0.173311
3 0.023548 0.437731 0.047095 0.113714
3 0.052833 0.524387 0.105665 0.078778
3 0.134950 0.545280 0.058570 0.126045