3 0.968249 0.490136 0.063502 0.151665
3 0.745068 0.663379 0.022195 0.027127
3 0.726572 0.628237 0.031443 0.040691
3 0.763101 0.532059 0.126695 0.154131
3 0.667386 0.501850 0.062885 0.036991
3 0.715937 0.353268 0.171085 0.225647
3 0.610974 0.528360 0.094328 0.097411
3 0.534679 0.469174 0.117448 0.385943
3 0.613748 0.353884 0.038841 0.192355
3 0.427404 0.584464 0.041615 0.046856
3 0.387176 0.588163 0.024044 0.036991
3 0.407059 0.541307 0.026819 0.027127
3 0.133874 0.570545 0.079267 0.199049
3 0.044478 0.397919 0.088955 0.308261
3 0.107121 0.422139 0.032367 0.096001
3 0.159305 0.448562 0.020477 0.025542
3 0.313546 0.485553 0.133433 0.078386
3 0.342280 0.378542 0.259600 0.162057
3 0.210168 0.476305 0.085212 0.176149
3 0.428814 0.504049 0.091818 0.115378