3 0.815416 0.582807 0.127543 0.207563
3 0.717543 0.517301 0.060496 0.040588
3 0.658973 0.542733 0.091322 0.101726
3 0.774849 0.361415 0.168002 0.230169
3 0.639728 0.364498 0.097102 0.204823
3 0.467119 0.606581 0.038224 0.065762
3 0.427661 0.615624 0.027127 0.036169
3 0.546958 0.652615 0.059803 0.075627
3 0.581792 0.547806 0.076449 0.158652
3 0.558056 0.415048 0.073366 0.097000
3 0.340298 0.514514 0.163379 0.075627
3 0.225625 0.505472 0.096794 0.184135
3 0.381913 0.426968 0.274969 0.097822
3 0.406883 0.348464 0.111591 0.059186
3 0.487031 0.521912 0.109125 0.106864
3 0.160399 0.649327 0.085697 0.103576
3 0.064529 0.332023 0.117139 0.124949
3 0.076654 0.447107 0.153308 0.097000
3 0.088677 0.545751 0.177353 0.100288
3 0.149592 0.893616 0.083744 0.062337
3 0.083316 0.910741 0.057028 0.037676
3 0.239245 0.883683 0.091451 0.104124
3 0.392862 0.873750 0.032881 0.048637
3 0.291449 0.976599 0.295127 0.046802
3 0.396794 0.938991 0.052270 0.029486
3 0.494098 0.958023 0.030558 0.080416
3 0.459720 0.974106 0.037393 0.051466