3 0.406447 0.139656 0.192284 0.158152
3 0.511167 0.231866 0.050037 0.052002
3 0.452910 0.395613 0.356690 0.226237
3 0.415740 0.500422 0.039314 0.049858
3 0.358555 0.577333 0.105077 0.114350
3 0.443260 0.696964 0.104362 0.106685
3 0.507593 0.645766 0.057185 0.033239
3 0.524033 0.686778 0.070051 0.058436
3 0.438256 0.553823 0.064333 0.056291
3 0.445404 0.631559 0.055755 0.043425
3 0.549766 0.620033 0.028592 0.022516
3 0.539044 0.518440 0.034311 0.019836
3 0.547622 0.864204 0.042889 0.058972
3 0.478285 0.856163 0.051466 0.043961
3 0.526892 0.962124 0.287353 0.075752