3 0.097777 0.252004 0.016762 0.021578
3 0.067432 0.354115 0.011560 0.030055
3 0.052404 0.365290 0.015028 0.015413
3 0.179851 0.396887 0.119644 0.114057
3 0.256724 0.413070 0.012138 0.015413
3 0.331863 0.449676 0.013294 0.016184
3 0.312789 0.494760 0.013294 0.016954
3 0.461621 0.465089 0.028900 0.036221
3 0.515375 0.437731 0.030055 0.046239
3 0.626168 0.641027 0.027166 0.028514
3 0.707087 0.638715 0.015606 0.013101
3 0.737431 0.608660 0.033523 0.030055
3 0.790895 0.562421 0.030633 0.048551
3 0.718646 0.551631 0.026010 0.022349
3 0.656513 0.511557 0.015028 0.014642
3 0.822396 0.666844 0.087855 0.086313
3 0.849272 0.782827 0.034101 0.062423
3 0.250709 0.469942 0.043349 0.057799
3 0.290880 0.462621 0.038147 0.104809
3 0.333073 0.500383 0.047395 0.073983
3 0.374688 0.445667 0.062423 0.073983
3 0.393816 0.519264 0.071093 0.073212
3 0.464620 0.545081 0.068203 0.106350
3 0.494097 0.471098 0.024276 0.043157
3 0.531956 0.535062 0.065313 0.129470
3 0.591200 0.559723 0.054331 0.101726
3 0.651022 0.577834 0.063001 0.104038
3 0.700440 0.590164 0.036991 0.060882