3 0.554357 0.900483 0.128699 0.199034
3 0.679588 0.774346 0.012330 0.038533
3 0.640670 0.758676 0.049322 0.199342
3 0.563219 0.652326 0.104038 0.292848
3 0.653771 0.509603 0.075524 0.294390
3 0.579297 0.252774 0.072249 0.502466
3 0.667440 0.325601 0.102882 0.073212
3 0.673798 0.149892 0.107506 0.216554
3 0.516007 0.239673 0.017340 0.044698
3 0.446076 0.546026 0.016473 0.022734
3 0.498962 0.527338 0.016473 0.028514
3 0.524394 0.466456 0.017629 0.030055
3 0.472952 0.420349 0.012427 0.029285
3 0.487980 0.409753 0.014161 0.016569
3 0.515724 0.398771 0.011849 0.016184
3 0.520492 0.365248 0.011560 0.021578
3 0.464861 0.380661 0.007225 0.014642
3 0.444486 0.353880 0.012138 0.021964
3 0.491304 0.306624 0.009248 0.016569
3 0.452434 0.446034 0.008381 0.020808
3 0.473964 0.459328 0.013294 0.022734