3 0.520213 0.766800 0.107549 0.112515
3 0.539736 0.897298 0.150706 0.144369
3 0.669548 0.987824 0.136320 0.024352
3 0.867520 0.983200 0.151391 0.033600
3 0.764767 0.975236 0.052747 0.049527
3 0.708594 0.956381 0.054117 0.034423
3 0.759971 0.944307 0.041787 0.010275
3 0.708252 0.881885 0.179477 0.112515
3 0.690441 0.766977 0.224688 0.114570
3 0.642490 0.673318 0.184957 0.071414
3 0.705512 0.582301 0.130155 0.107891
3 0.548299 0.574851 0.181532 0.122791
3 0.659273 0.464146 0.139060 0.100000
3 0.444860 0.345734 0.059597 0.047781
3 0.360602 0.417919 0.039046 0.026716
3 0.247572 0.125103 0.054117 0.059083
3 0.296894 0.141030 0.032196 0.031340
3 0.377385 0.061652 0.045212 0.035964
3 0.339708 0.066533 0.024661 0.025175
3 0.441777 0.064992 0.050692 0.087855
3 0.536311 0.164992 0.108234 0.123818
3 0.506512 0.244883 0.021236 0.018496