3 0.381848 0.726566 0.032196 0.034423
3 0.408907 0.650528 0.061652 0.038533
3 0.478437 0.754309 0.128100 0.081689
3 0.569203 0.697024 0.161666 0.120222
3 0.783615 0.716547 0.067132 0.051377
3 0.925031 0.765355 0.149937 0.093506
3 0.880611 0.512428 0.045212 0.022606
3 0.988257 0.517052 0.023486 0.025688
3 0.793613 0.562521 0.046582 0.031340
3 0.698052 0.565347 0.029456 0.023633
3 0.670651 0.515254 0.028086 0.024147
3 0.739153 0.518594 0.065077 0.038019
3 0.798750 0.493933 0.095219 0.100699
3 0.889859 0.680174 0.025346 0.027230
3 0.781282 0.669128 0.028771 0.033909
3 0.114142 0.655770 0.050007 0.057542
3 0.165862 0.646265 0.079463 0.059083
3 0.208676 0.688137 0.037676 0.017468