3 0.919268 0.379689 0.087611 0.059056
3 0.862807 0.366385 0.020443 0.025959
3 0.820949 0.393642 0.024336 0.016873
3 0.946525 0.428362 0.018496 0.024012
3 0.834090 0.490663 0.026283 0.038289
3 0.809997 0.466326 0.021903 0.023363
3 0.839931 0.422845 0.040885 0.041534
3 0.912454 0.461459 0.033098 0.048673
3 0.874002 0.498126 0.033098 0.107729
3 0.767165 0.249053 0.037478 0.043481
3 0.731877 0.262032 0.032124 0.075930
3 0.580452 0.218227 0.067655 0.168733
3 0.664412 0.244510 0.099293 0.061652
3 0.462131 0.182209 0.124603 0.068142
3 0.361523 0.242239 0.102700 0.049322
3 0.308956 0.194215 0.088098 0.044130
3 0.294841 0.229908 0.026770 0.022065
3 0.174817 0.099789 0.045266 0.047375
3 0.162892 0.170852 0.028230 0.055812
3 0.116409 0.137105 0.040398 0.035044
3 0.040561 0.165011 0.081121 0.063599
3 0.129145 0.267640 0.258290 0.125251
3 0.521702 0.420473 0.035044 0.051918
3 0.481547 0.377316 0.052080 0.052567
3 0.495662 0.308850 0.031637 0.040236
3 0.397343 0.341947 0.128010 0.132390
3 0.457454 0.259852 0.020443 0.017522
3 0.563416 0.406646 0.048186 0.068395
3 0.615009 0.386726 0.054027 0.070089
3 0.633262 0.324425 0.062301 0.057109
3 0.700917 0.416254 0.062301 0.075930
3 0.731581 0.485471 0.048673 0.052567
3 0.710895 0.338702 0.090045 0.079175
3 0.296103 0.304043 0.074469 0.100591
3 0.656138 0.440844 0.031151 0.053216