3 0.515473 0.575471 0.426102 0.129470
3 0.302106 0.388854 0.047425 0.032249
3 0.463667 0.445608 0.225110 0.128684
3 0.671704 0.492003 0.185905 0.116191
3 0.958693 0.566460 0.079674 0.092478
3 0.879335 0.548439 0.077777 0.106706
3 0.864476 0.612225 0.053116 0.019918
3 0.789228 0.551047 0.106232 0.142274
3 0.953105 0.726660 0.093790 0.079674
3 0.867953 0.685874 0.028455 0.025609
3 0.775001 0.691565 0.049954 0.065446
3 0.679835 0.667853 0.141642 0.055013
3 0.756347 0.638924 0.061968 0.034146
3 0.263761 0.576108 0.077144 0.058333
3 0.302966 0.476753 0.091056 0.063549
3 0.236255 0.514219 0.132157 0.072086
3 0.084772 0.496434 0.169544 0.070663
3 0.129707 0.370996 0.259256 0.179266