3 0.548046 0.438039 0.176463 0.208385
3 0.466939 0.577085 0.028497 0.028360
3 0.542018 0.623594 0.043842 0.036169
3 0.570515 0.600166 0.037265 0.028771
3 0.478721 0.684957 0.027949 0.032881
3 0.556266 0.680641 0.026305 0.012741
3 0.548046 0.741882 0.126045 0.110563
3 0.506670 0.964653 0.061926 0.069051
3 0.501738 0.906700 0.030141 0.041924
3 0.528043 0.859638 0.098096 0.119605
3 0.569967 0.623260 0.010960 0.012330
3 0.585311 0.684912 0.016441 0.012330
3 0.511329 0.234542 0.040554 0.039457
3 0.481462 0.216663 0.023565 0.020140
3 0.487490 0.042129 0.036717 0.034936
3 0.486120 0.073161 0.050418 0.040279
3 0.455979 0.114673 0.032881 0.019729