3 0.440532 0.677273 0.130072 0.330680
3 0.593778 0.830003 0.031397 0.021859
3 0.650964 0.815150 0.018688 0.015693
3 0.610960 0.757131 0.029237 0.021007
3 0.598474 0.711006 0.027410 0.021007
3 0.528426 0.637024 0.039592 0.023748
3 0.540304 0.542355 0.036546 0.025574
3 0.608828 0.548063 0.022537 0.014157
3 0.539390 0.786431 0.022537 0.019637
3 0.610047 0.921816 0.024973 0.015071
3 0.638675 0.985751 0.026192 0.016897
3 0.573500 0.940996 0.024973 0.023291
3 0.584769 0.963146 0.028019 0.017354
3 0.552486 0.963831 0.015837 0.015071
3 0.508630 0.896698 0.024364 0.029684
3 0.540304 0.876604 0.020710 0.015984
3 0.449242 0.854912 0.023755 0.016441
3 0.451374 0.879116 0.019491 0.013701
3 0.478480 0.930493 0.012791 0.012330
3 0.507717 0.867699 0.011573 0.010047
3 0.573805 0.808715 0.075529 0.040645
3 0.519290 0.725299 0.031064 0.042472
3 0.367318 0.326272 0.023146 0.029228
3 0.417873 0.178856 0.036546 0.029684
3 0.431578 0.149400 0.050556 0.041102
3 0.562232 0.011645 0.070656 0.023290
3 0.482743 0.028086 0.035937 0.030598
3 0.497971 0.064849 0.048119 0.034708
3 0.545481 0.058455 0.024973 0.025574
3 0.589337 0.058227 0.029846 0.022377
3 0.423051 0.019637 0.044465 0.039274
3 0.530254 0.102982 0.017664 0.014157
3 0.464775 0.115084 0.026801 0.019181
3 0.483961 0.151847 0.029846 0.020551
3 0.503757 0.186099 0.034110 0.021464
3 0.669739 0.128100 0.029846 0.033338
3 0.570759 0.157556 0.057256 0.089510
3 0.636847 0.212130 0.037156 0.037905
3 0.550050 0.237932 0.030455 0.025574
3 0.589946 0.311822 0.056647 0.029684
3 0.600910 0.264327 0.018882 0.013244
3 0.579287 0.284193 0.024364 0.026488
3 0.614919 0.412200 0.045683 0.024661
3 0.553704 0.413113 0.018273 0.015527
3 0.591469 0.364933 0.014619 0.011417
3 0.566495 0.360823 0.014619 0.009590
3 0.515635 0.424302 0.015228 0.011417
3 0.455333 0.351918 0.141922 0.319950