3 0.847847 0.716091 0.095356 0.072133
3 0.902512 0.642109 0.063296 0.081998
3 0.718378 0.538957 0.066584 0.065968
3 0.848669 0.435689 0.159474 0.173859
3 0.253699 0.474751 0.071517 0.072750
3 0.368783 0.367168 0.028771 0.031443
3 0.277949 0.320004 0.197287 0.104809
3 0.342478 0.465812 0.092889 0.137485
3 0.734253 0.165902 0.193177 0.160296
3 0.597796 0.208443 0.079737 0.053021
3 0.626567 0.275643 0.036991 0.038224
3 0.459309 0.561896 0.157947 0.125947
3 0.654542 0.382974 0.176149 0.136516
3 0.535347 0.313835 0.100992 0.056368
3 0.509512 0.379451 0.109213 0.072221
3 0.487493 0.435158 0.102754 0.044478
3 0.463420 0.477213 0.118020 0.039634