4 0.602308 0.249306 0.160681 0.142571
4 0.573697 0.145654 0.069937 0.061652
4 0.699121 0.221563 0.029477 0.094790
4 0.578032 0.377849 0.161837 0.114057
4 0.570229 0.493170 0.180911 0.114057
4 0.559537 0.608046 0.160681 0.115598
4 0.537573 0.718634 0.156057 0.104038
4 0.518788 0.823829 0.124268 0.101726
4 0.507517 0.907445 0.098258 0.063964
4 0.496247 0.949060 0.044505 0.017725
4 0.567917 0.898582 0.022542 0.047781
4 0.449429 0.858893 0.015606 0.111745
4 0.597973 0.812269 0.030633 0.078607
4 0.624849 0.703486 0.018496 0.074753
4 0.469081 0.619870 0.020230 0.089396
4 0.648258 0.590971 0.014450 0.082460
4 0.669355 0.363014 0.017340 0.083231
4 0.511274 0.281325 0.019074 0.073983
4 0.486999 0.388060 0.019074 0.090166