4 0.704661 0.413760 0.078742 0.084366
4 0.631976 0.422196 0.068358 0.092154
4 0.567079 0.434202 0.057975 0.097995
4 0.509105 0.441990 0.056244 0.081121
4 0.462379 0.440692 0.038938 0.079823
4 0.512998 0.498126 0.152292 0.032449
4 0.489635 0.542256 0.103835 0.054514
4 0.410028 0.495530 0.064032 0.186904
4 0.121885 0.551017 0.060571 0.127847
4 0.076890 0.513377 0.027689 0.047375
4 0.181158 0.581194 0.049322 0.081770
4 0.290617 0.569837 0.169598 0.049971
4 0.345131 0.530250 0.058840 0.029204
4 0.299703 0.535442 0.026824 0.014926
4 0.220961 0.604233 0.030285 0.018820
4 0.274177 0.601637 0.072685 0.016224
4 0.238267 0.483524 0.277760 0.007139
4 0.253842 0.474763 0.244879 0.007788
4 0.264226 0.464055 0.224111 0.013628
4 0.279369 0.448480 0.192096 0.011033
4 0.294511 0.431931 0.161810 0.016873
4 0.349890 0.416031 0.057975 0.009735
4 0.496125 0.610074 0.000865 0.000649