4 0.474658 0.902692 0.194547 0.107891
4 0.473631 0.805253 0.225373 0.084258
4 0.485619 0.736841 0.250719 0.049836
4 0.490756 0.685906 0.255514 0.047267
4 0.491441 0.633164 0.250034 0.052404
4 0.496922 0.576569 0.237704 0.058056
4 0.502059 0.515102 0.235649 0.058056
4 0.506170 0.451828 0.252089 0.066790
4 0.504457 0.389846 0.245924 0.055487
4 0.507197 0.334616 0.244554 0.050863
4 0.510622 0.288738 0.256885 0.038019
4 0.504457 0.247894 0.266475 0.042643
4 0.501374 0.196260 0.249349 0.057542
4 0.500347 0.142057 0.256885 0.050863
4 0.499662 0.097616 0.256885 0.036991