4 0.426564 0.552763 0.070598 0.328570
4 0.495712 0.565093 0.063828 0.325669
4 0.560023 0.579237 0.058993 0.330746
4 0.619016 0.594106 0.055124 0.296656
4 0.671723 0.621305 0.050289 0.249510
4 0.721045 0.633273 0.048355 0.225575
4 0.773268 0.632911 0.052223 0.181330
4 0.366604 0.545509 0.049322 0.269094
4 0.317766 0.578874 0.046421 0.182056
4 0.269411 0.599183 0.044486 0.139987
4 0.225409 0.606074 0.039651 0.107348
4 0.185274 0.613690 0.034815 0.081961
4 0.150942 0.622756 0.029980 0.036266