4 0.535846 0.215783 0.205991 0.115326
4 0.583234 0.086676 0.182781 0.144339
4 0.688647 0.254327 0.097677 0.087039
4 0.577915 0.353333 0.301734 0.109523
4 0.533428 0.285878 0.214695 0.025386
4 0.564375 0.465248 0.299799 0.112425
4 0.554704 0.590049 0.270786 0.134184
4 0.512152 0.712990 0.251445 0.110249
4 0.661568 0.683252 0.043519 0.052223
4 0.397551 0.619787 0.039651 0.073257
4 0.492327 0.817437 0.213728 0.095742
4 0.619500 0.798941 0.038684 0.060202
4 0.486524 0.900849 0.205991 0.066730
4 0.485557 0.952346 0.115084 0.031914