4 0.407000 0.562151 0.045861 0.345253
4 0.455889 0.577078 0.050187 0.360828
4 0.508239 0.589083 0.052783 0.364073
4 0.558426 0.597845 0.042399 0.353040
4 0.597365 0.603685 0.033747 0.327082
4 0.633707 0.615042 0.037208 0.306963
4 0.673943 0.639379 0.039804 0.263482
4 0.713747 0.653332 0.041534 0.242066
4 0.753118 0.653007 0.038938 0.211565
4 0.364600 0.565072 0.033747 0.282303
4 0.328690 0.578700 0.031151 0.232981
4 0.290617 0.606606 0.039804 0.158998
4 0.252545 0.616016 0.034612 0.145370
4 0.215337 0.618936 0.038073 0.120060
4 0.174668 0.632240 0.038073 0.076579
4 0.140921 0.640352 0.024228 0.042183
4 0.795517 0.644571 0.045861 0.162243