4 0.189273 0.368681 0.068434 0.130703
4 0.254932 0.376079 0.064735 0.177559
4 0.317355 0.388409 0.060111 0.194821
4 0.380240 0.400740 0.063810 0.229346
4 0.445438 0.469174 0.062885 0.390875
4 0.512485 0.463625 0.065660 0.387176
4 0.578144 0.482121 0.058261 0.382244
4 0.634094 0.484587 0.049938 0.389642
4 0.696054 0.486436 0.066584 0.381011
4 0.761714 0.512330 0.061036 0.353884
4 0.823212 0.522195 0.060111 0.339088
4 0.881473 0.519729 0.056412 0.307028
4 0.930949 0.545623 0.038841 0.215783
4 0.389951 0.584464 0.042540 0.133169